[23, 24, 16, 2, 18, 15, 47, 14, 15, 9, 2, 16, 31, 29, 63, 65, 44, 35, 4, 73, 59, 40, 69, 43, 31, 64, 14, 76, 2, 6, 25, 34, 26, 93, 84, 9, 8, 12, 76, 45, 60, 10, 84, 31, 25, 22, 9, 12, 56, 3, 3, 19, 4, 10, 42, 5, 10, 5, 41, 11, 15, 6, 38, 41, 60, 4, 13, 27, 27, 23, 105, 41, 5, 10, 4, 10, 25, 48, 36, 13, 88, 7, 13, 6, 41, 59, 65, 17, 21, 76, 37, 11, 9, 33, 12, 44, 20, 8, 7, 6, 15, 7, 61, 35, 3, 32, 20, 38, 32, 9, 45, 16, 25, 57, 65, 60, 6, 29, 42, 76, 9, 47, 66, 2, 32, 4, 48, 22, 2, 11, 3, 75, 4, 5, 30, 24, 28, 3, 28, 12, 65, 29, 44, 7, 11, 82, 18, 4, 27, 34, 13, 11, 31, 2, 5, 5, 9, 14, 40, 33, 2, 8, 28, 9, 44, 2, 73, 62, 2, 46, 17, 59, 25, 21, 96, 74, 29, 4, 7, 4, 103, 50, 48, 62, 8, 51, 21, 2, 19, 2, 32, 14, 4, 8, 33, 60, 48, 11, 34, 32, 6, 51, 3, 3, 77, 25, 4, 66, 63, 41, 67, 10, 38, 64, 10, 3, 78, 11, 82, 59, 67, 4, 70, 34, 21, 70, 43, 25, 69, 12, 7, 7, 28, 61, 19, 19, 17, 5, 32, 44, 2, 4]
8 6 7 9 8 7 6 4 2 3 4 5 6 7 8 9 9 8 9 9 8 7 8 9 8 9 5 4 3 2 1 0 1 2 9 8 7 8 9 9 8 7 5 4 3 4 9 8 9 8 9 5 7 9 5 4 4 2 3 5 6 9 9 7 9 0 1 9 8 7 8 9 6 5 3 5 6 9 8 9 9 8 9 9 8 7 6 5 4 5 7 8 9 1 2 5 6 7 8 9 
6 4 5 7 9 8 7 5 6 7 8 9 9 8 9 4 6 7 9 9 8 6 5 6 7 8 9 5 4 3 3 1 2 9 8 7 6 7 8 9 9 7 6 5 4 9 8 7 6 7 3 4 9 8 4 3 1 0 1 2 9 8 8 6 8 9 9 8 7 6 7 8 9 4 2 3 9 8 7 7 9 7 8 9 9 8 7 9 3 7 8 9 3 2 3 4 9 8 9 2 
5 3 5 6 7 9 8 7 7 8 9 7 9 9 2 3 4 9 8 9 9 8 6 7 8 9 9 7 6 5 4 9 9 8 7 6 5 6 7 8 9 8 7 9 5 6 9 8 5 4 2 9 8 7 5 4 2 1 2 9 8 7 6 5 6 7 9 7 6 5 6 9 8 9 0 9 8 7 6 6 7 6 7 8 9 9 9 8 9 8 9 5 4 5 9 9 8 9 9 0 
3 2 3 5 6 7 9 8 9 9 7 6 7 9 3 9 5 6 7 8 9 9 9 8 9 6 5 9 7 6 9 8 7 8 6 5 4 5 8 9 9 9 9 8 9 7 8 9 9 3 1 9 9 8 6 6 3 2 9 8 7 6 4 3 4 5 6 9 8 4 5 6 7 8 9 8 7 6 5 4 4 5 6 7 8 9 8 7 9 9 7 6 5 9 8 9 7 6 7 9 
4 1 2 3 7 9 9 9 9 8 5 4 7 8 9 8 9 7 8 9 9 9 8 9 6 5 3 9 8 7 8 9 6 5 4 3 3 6 8 9 9 8 9 7 8 9 9 9 8 9 9 8 9 9 6 5 4 3 4 9 8 7 8 8 7 6 7 8 9 3 4 5 6 7 9 7 6 5 4 3 2 6 7 9 9 9 7 6 8 9 9 7 9 8 7 5 6 5 6 7 
3 2 4 9 9 9 9 8 7 6 3 3 5 6 6 7 8 9 9 9 9 8 7 6 4 3 2 1 9 8 9 8 7 6 5 2 1 5 9 9 8 7 5 6 7 8 9 9 7 8 9 7 9 8 7 6 5 4 6 7 9 8 9 9 8 7 9 9 4 2 3 4 5 6 7 9 7 6 3 2 1 4 8 9 8 7 6 5 6 7 8 9 8 7 6 4 5 4 5 9 
4 5 9 8 8 9 9 9 9 4 2 1 3 4 5 6 9 8 9 8 9 9 8 9 5 2 1 0 1 9 5 9 9 8 6 3 2 4 7 8 9 3 4 5 6 7 8 9 6 4 5 6 7 9 8 7 7 5 9 8 9 9 3 4 9 8 9 3 2 1 2 3 4 5 6 7 9 8 5 4 2 3 9 8 9 6 5 4 3 4 6 8 9 5 5 3 2 3 4 8 
5 9 8 7 7 7 8 9 6 5 3 6 5 5 6 9 8 7 5 7 8 8 9 8 6 7 9 1 2 3 4 9 8 7 5 4 3 5 6 9 1 2 3 4 5 9 9 6 5 3 4 5 6 7 9 8 9 6 7 9 9 1 2 9 9 9 4 3 2 0 1 2 3 4 5 9 8 7 6 4 3 9 8 7 6 5 4 3 2 3 5 6 9 4 3 2 1 2 5 7 
9 8 9 6 5 6 7 8 9 6 8 7 8 6 7 8 9 6 4 5 9 7 8 9 7 9 8 9 5 4 5 9 8 7 6 5 6 7 8 9 0 3 4 5 9 8 9 5 4 2 3 4 5 6 7 9 8 9 8 9 8 9 9 8 9 9 8 5 3 1 2 3 4 6 6 7 9 8 7 5 4 5 9 8 7 4 3 2 1 2 6 7 8 9 4 5 2 3 5 6 
8 7 6 5 4 3 6 9 9 7 9 8 9 9 8 9 7 5 3 4 5 6 7 8 9 9 7 8 9 5 6 7 9 9 8 6 7 8 9 4 1 4 5 9 8 7 8 9 2 1 3 5 6 7 9 8 7 8 9 5 6 8 9 7 8 9 7 6 9 2 3 4 5 7 7 8 9 9 8 9 5 6 7 9 8 9 7 4 2 3 5 6 9 6 5 4 3 4 6 7 
9 9 8 9 3 2 4 9 8 9 9 9 9 8 9 5 6 4 2 3 4 5 8 9 8 8 6 7 8 9 7 9 8 7 9 9 8 9 4 3 2 3 9 8 7 6 7 9 3 2 4 5 7 8 9 9 5 4 3 4 5 9 7 6 8 9 8 9 8 9 6 5 9 8 8 9 9 8 9 7 6 7 8 9 9 8 6 5 3 4 5 7 8 9 6 7 5 5 9 8 
9 9 9 8 2 1 7 6 7 9 9 9 8 7 4 3 2 1 0 1 5 6 9 8 7 9 5 6 7 8 9 8 7 5 4 5 9 6 5 4 9 9 8 7 6 5 6 8 9 3 5 6 7 9 8 7 6 5 5 8 6 8 9 5 8 9 9 9 7 8 9 9 8 9 9 9 8 7 9 8 9 8 9 3 4 9 7 5 4 8 6 9 9 8 7 8 6 7 8 9 
9 8 8 6 5 0 4 5 6 7 8 9 7 6 5 4 4 3 4 5 6 9 8 9 6 7 4 5 8 9 9 9 7 6 5 9 8 7 6 9 8 7 6 7 8 4 8 7 8 9 6 9 8 9 9 8 7 6 6 7 8 9 6 4 6 9 8 8 6 9 9 8 7 8 9 8 9 6 5 9 3 9 1 2 3 9 8 6 5 6 7 8 9 9 9 9 7 9 9 2 
8 7 5 4 3 2 3 4 5 6 7 8 9 7 6 5 5 6 7 7 9 8 7 6 5 6 3 4 5 6 8 9 8 7 8 9 9 8 9 8 7 6 5 4 4 3 5 6 7 8 9 9 9 1 0 9 8 7 9 8 9 6 4 3 9 8 7 6 5 8 9 7 6 9 8 7 8 9 4 3 2 1 0 9 4 5 9 8 9 9 8 9 9 8 7 9 8 9 9 3 
9 8 6 5 4 5 4 5 8 7 8 9 9 8 7 6 7 8 9 8 9 9 6 5 4 3 2 5 9 9 9 9 9 8 9 8 7 9 9 9 7 6 5 3 1 2 4 7 6 9 9 9 3 2 1 9 9 8 9 9 6 4 3 2 1 9 8 7 4 7 8 9 5 4 3 6 7 8 9 6 3 2 9 8 9 9 8 9 9 8 9 9 8 7 6 5 9 7 8 9 
9 8 7 6 5 7 5 6 7 9 9 5 8 9 8 9 8 9 6 9 9 8 5 4 3 2 1 2 7 8 9 8 7 9 9 9 6 7 9 7 8 8 7 1 0 2 3 4 5 6 7 8 9 3 9 8 6 9 9 8 7 8 4 3 2 4 9 6 5 6 7 8 9 3 2 5 8 9 6 5 4 9 8 7 9 8 6 7 8 7 9 9 9 9 5 4 5 6 7 8 
9 9 8 9 9 8 9 7 8 9 3 4 7 9 9 9 9 4 5 9 8 7 6 5 4 1 0 4 6 9 8 7 6 9 8 6 5 9 8 6 5 4 3 2 1 5 4 5 6 8 9 9 9 9 5 4 5 6 9 9 8 9 6 7 3 9 8 7 9 7 9 9 3 2 1 4 5 8 9 6 9 7 6 5 7 6 5 3 4 6 8 9 6 5 4 3 1 7 3 4 
8 9 9 0 3 9 9 8 9 3 2 7 6 7 8 9 4 3 4 5 9 8 6 5 3 2 4 5 7 8 9 8 5 9 8 7 9 8 9 7 6 5 4 3 5 6 7 6 8 9 9 9 8 7 6 3 2 9 8 7 9 8 7 8 9 7 9 8 9 8 9 4 3 2 0 3 4 7 8 9 8 6 5 4 3 2 3 2 4 5 7 8 9 4 3 2 0 1 2 3 
7 9 2 1 2 3 4 9 2 1 0 4 5 6 7 8 9 2 3 9 8 7 6 5 4 3 4 6 9 9 9 9 4 3 9 9 7 6 9 8 8 6 7 4 9 7 8 7 8 9 8 7 9 8 9 9 9 8 7 6 5 9 8 9 7 6 7 9 9 9 8 5 4 5 1 2 5 6 7 9 6 5 4 3 2 1 0 1 6 6 6 7 8 9 4 3 4 5 3 4 
6 8 9 9 3 9 9 7 6 3 2 3 4 7 9 9 1 0 1 2 9 8 7 6 5 6 7 7 8 9 9 8 9 4 9 8 9 4 2 9 8 7 8 9 9 8 9 8 9 2 7 6 7 9 9 8 3 9 9 7 4 3 9 9 9 5 6 7 9 8 7 6 5 4 2 3 6 8 9 8 7 6 5 4 3 2 1 2 3 4 5 8 9 6 5 9 8 7 6 5 
5 6 7 8 9 8 7 6 5 4 3 6 5 6 7 8 9 1 2 3 4 9 8 7 8 9 8 9 9 5 6 7 8 9 8 7 1 0 1 2 9 8 9 0 1 9 8 9 4 3 4 5 9 7 6 7 2 9 8 6 5 4 5 9 9 6 9 8 9 9 8 9 9 4 3 4 7 9 9 9 8 7 6 7 5 4 2 3 4 6 9 9 9 8 9 9 9 8 7 8 
6 7 8 9 0 9 8 7 6 5 4 5 8 9 8 9 4 3 4 4 5 9 9 8 9 7 9 6 5 4 5 8 9 8 7 6 5 1 2 3 4 9 9 1 9 8 7 6 5 5 6 6 7 9 5 4 1 0 9 7 6 5 6 7 8 9 8 9 1 0 9 8 7 6 4 5 6 7 8 9 9 9 7 9 6 5 6 4 5 9 8 7 8 9 8 9 1 9 9 9 
7 9 9 9 2 3 9 8 7 6 5 6 7 8 9 6 5 4 5 6 9 8 9 9 7 6 5 4 3 2 3 4 9 8 7 6 4 2 5 4 5 6 8 9 9 9 9 8 7 8 7 7 9 8 9 3 2 1 9 8 9 9 8 9 9 6 7 8 9 1 2 9 8 9 5 7 7 8 9 2 3 4 9 8 7 6 7 6 9 8 7 6 7 6 7 9 0 1 2 3 
9 8 9 8 9 9 9 9 8 7 6 7 8 9 9 9 6 5 6 9 9 7 9 9 7 5 4 3 2 1 5 9 8 7 6 5 4 3 6 6 7 8 9 9 8 9 0 9 8 9 9 9 6 7 9 4 5 2 3 9 7 8 9 7 6 5 4 9 8 9 9 7 9 9 6 8 9 9 9 1 2 9 9 9 8 7 9 7 8 9 9 5 4 5 6 7 9 2 3 4 
8 7 6 7 9 8 8 9 9 8 7 8 9 9 9 8 9 6 9 8 7 6 8 8 9 6 5 4 6 3 4 5 9 8 7 6 5 4 7 7 8 9 9 8 7 9 1 2 9 9 8 8 5 6 8 9 4 3 9 8 6 6 8 9 7 6 9 8 7 8 9 6 9 8 7 8 9 7 8 9 9 8 9 8 9 8 9 9 9 9 8 4 3 4 5 6 9 3 9 5 
7 6 5 9 8 6 7 8 9 9 9 9 5 9 7 7 8 9 9 7 6 5 6 7 8 9 9 5 7 4 5 6 7 9 8 8 9 6 9 8 9 9 9 7 6 8 9 3 4 9 7 7 4 5 6 9 9 9 8 7 5 5 6 7 9 9 8 7 6 8 9 5 4 9 8 9 4 5 7 8 9 7 8 7 5 9 8 9 9 8 6 5 4 5 6 7 8 9 7 9 
8 5 4 3 4 5 6 9 8 7 6 5 4 6 5 6 9 9 7 6 4 3 4 3 5 7 8 9 8 9 9 7 8 9 9 9 8 7 8 9 0 9 8 6 5 6 8 9 9 7 6 5 3 4 9 8 8 9 5 4 3 4 6 7 8 9 9 8 7 9 9 4 3 3 9 9 5 6 8 9 7 6 5 6 4 5 7 9 8 9 7 7 5 6 7 9 9 5 6 7 
7 6 5 1 5 6 8 9 9 9 7 4 3 2 4 9 8 7 6 5 3 2 1 2 4 6 7 8 9 8 7 9 9 3 2 1 9 8 9 2 1 9 7 5 4 5 6 9 9 9 8 3 2 9 8 7 7 6 5 3 2 3 4 6 7 8 9 9 8 9 8 9 2 1 9 8 6 7 9 7 6 5 4 4 2 4 5 6 7 9 8 9 6 9 8 9 5 4 8 9 
8 7 9 8 6 7 8 9 9 9 6 5 4 3 4 5 9 9 7 6 4 3 2 4 5 6 7 9 7 8 6 9 8 9 3 9 8 9 6 4 9 8 7 6 3 6 9 8 9 9 3 2 1 0 9 6 5 4 3 2 1 2 3 6 7 8 9 9 9 6 7 9 3 2 3 9 7 8 9 6 5 4 3 2 1 3 9 9 8 9 9 8 7 8 9 4 3 2 9 8 
9 9 9 9 7 8 9 4 9 8 7 6 5 6 5 6 7 9 8 6 5 5 4 5 6 7 9 8 6 7 5 9 7 9 9 8 7 9 7 9 8 9 8 9 2 9 8 7 9 8 9 3 2 9 8 7 4 3 2 1 0 5 4 5 6 7 8 9 4 5 6 7 9 9 5 9 8 9 9 7 9 3 2 1 0 9 8 8 9 8 9 9 8 9 6 5 4 5 6 7 
5 8 9 9 8 9 3 2 0 9 9 8 6 7 6 9 8 9 9 8 7 8 5 6 7 9 8 7 4 3 4 5 6 7 8 9 6 8 9 9 7 5 9 8 9 9 7 6 9 7 8 9 9 8 7 6 5 4 3 3 2 4 5 6 7 8 9 4 3 4 5 6 7 8 9 9 9 9 8 9 8 9 3 3 4 9 7 7 8 7 8 9 9 8 7 6 7 6 7 8 
6 7 9 8 9 9 5 3 4 9 8 9 9 8 7 8 9 6 8 9 8 9 8 7 9 8 7 6 3 2 3 8 7 8 9 3 5 7 8 9 8 9 8 7 9 8 7 5 4 5 7 8 9 9 8 8 6 5 4 4 3 7 6 7 8 9 7 3 2 3 4 5 6 7 8 9 9 8 7 6 7 8 9 9 9 8 6 5 4 6 7 8 9 9 8 9 8 9 8 9 
8 9 8 7 6 8 9 4 9 8 7 7 8 9 8 9 6 5 4 3 9 9 9 9 8 7 6 5 2 1 8 7 6 7 8 9 9 8 9 4 9 8 7 6 5 9 8 6 5 6 7 9 3 3 9 8 7 6 5 5 4 5 6 9 9 6 5 4 3 5 5 7 9 8 9 9 8 9 6 5 6 6 9 8 7 6 5 4 3 8 9 9 9 6 9 4 9 2 9 6 
9 8 9 6 5 6 9 5 7 9 6 6 7 8 9 9 5 4 3 2 9 8 9 9 7 6 5 4 1 0 3 6 5 6 9 9 9 9 2 3 4 9 6 5 4 3 9 8 6 7 8 9 2 1 9 9 8 7 6 6 5 6 7 8 9 7 8 5 5 7 6 7 9 9 9 8 7 6 5 4 6 5 6 9 8 7 6 6 5 7 8 9 8 5 4 3 2 1 4 5 
8 7 8 9 4 5 8 9 9 8 5 4 9 6 7 8 9 5 4 9 8 7 9 8 6 5 4 3 2 1 2 3 4 5 6 8 9 9 1 3 9 8 7 3 3 2 2 9 9 8 9 4 3 9 8 7 9 9 8 7 6 7 8 9 9 8 7 6 6 8 9 8 9 9 9 9 7 6 4 3 2 4 5 6 9 9 8 7 6 7 8 9 7 6 5 4 3 0 3 4 
9 6 9 8 9 6 7 9 9 7 4 3 4 5 6 7 8 9 5 9 7 6 7 9 9 7 6 4 3 2 3 4 5 9 8 9 9 8 9 9 8 7 6 2 1 0 1 2 3 9 9 5 9 8 7 6 4 5 9 9 7 8 9 7 8 9 8 7 8 9 7 9 3 9 8 7 6 5 3 2 1 3 4 9 8 9 9 8 9 8 9 9 8 8 7 4 3 1 2 3 
6 5 6 7 8 9 9 8 7 6 5 2 3 4 9 8 9 9 9 8 8 5 6 7 9 8 9 8 5 4 9 5 6 8 9 9 8 7 9 7 9 6 5 4 2 1 2 3 4 5 7 9 9 9 8 4 3 4 5 9 8 9 8 6 7 9 9 8 9 5 6 9 2 1 9 9 8 6 6 3 2 3 5 6 7 9 3 9 4 9 7 8 9 9 9 8 4 2 3 5 
7 6 7 8 9 9 9 8 8 7 2 1 4 5 8 9 9 9 8 7 6 4 3 2 3 9 8 7 6 7 8 9 7 9 9 8 7 6 5 6 9 8 6 4 3 2 3 4 6 8 8 9 9 8 9 5 4 5 6 7 9 9 6 5 9 8 7 9 3 4 8 8 9 0 1 2 9 6 5 4 5 9 8 7 9 4 2 1 3 4 5 9 9 9 8 7 6 3 4 6 
9 8 8 9 6 9 8 7 5 4 3 2 3 6 7 8 9 9 9 8 9 6 4 3 4 5 9 8 8 9 9 9 8 9 4 9 9 8 6 9 9 9 7 5 5 6 5 7 7 9 9 9 8 7 8 9 8 7 8 9 9 8 7 3 2 9 6 3 2 1 6 7 9 2 2 9 8 7 6 5 6 9 9 8 9 5 4 5 4 5 7 8 9 9 9 9 7 9 5 9 
9 9 9 6 5 2 9 7 6 5 4 3 4 5 6 7 8 9 9 9 9 7 5 7 6 6 9 9 9 9 9 9 9 2 3 4 9 9 9 8 9 9 8 7 6 9 6 7 9 8 7 6 7 6 7 8 9 8 9 6 8 9 9 4 9 8 5 4 4 2 5 7 8 9 3 9 9 8 7 9 7 8 9 9 8 6 7 6 5 6 7 8 9 9 8 7 9 8 9 8 
9 8 7 5 4 1 9 8 8 9 5 5 6 8 7 8 9 9 8 6 9 8 6 7 8 7 8 9 9 9 8 9 0 1 2 9 8 9 8 7 8 9 9 8 9 8 9 9 8 7 6 5 6 5 8 9 9 9 7 5 4 3 2 9 8 7 6 5 4 3 4 6 7 8 9 8 7 9 8 9 8 9 1 2 9 7 9 7 6 9 8 9 9 8 7 6 5 7 6 7 
8 9 5 4 3 2 3 9 9 7 6 6 7 9 8 9 8 9 6 5 6 9 8 9 9 8 9 9 9 8 7 8 9 2 9 8 7 6 9 5 7 7 8 9 8 7 9 9 9 8 7 4 5 4 9 6 9 8 9 4 2 1 0 1 9 8 7 6 5 6 7 8 9 9 2 3 6 8 9 9 9 3 2 3 9 8 9 8 7 9 9 2 4 9 6 5 4 4 5 6 
7 8 9 9 9 3 4 5 9 8 7 9 8 9 9 6 7 8 9 6 9 9 9 9 9 9 9 9 9 7 6 7 9 9 8 7 5 5 3 4 5 6 9 8 7 6 8 9 9 9 4 3 2 3 4 5 6 7 8 9 3 2 9 2 9 9 8 9 6 7 9 9 3 2 1 2 5 9 8 9 9 4 3 9 9 9 6 9 8 9 5 3 9 8 9 3 2 3 4 5 
6 9 8 7 8 9 5 7 8 9 8 9 9 4 4 5 6 7 8 9 8 9 8 8 9 9 9 8 8 6 5 6 8 9 7 5 4 3 2 3 9 9 8 7 6 5 6 9 8 7 6 4 3 4 5 6 7 8 9 8 9 9 8 9 8 9 9 0 9 8 9 7 7 3 3 3 4 5 7 9 8 9 9 8 9 4 5 2 9 7 6 9 8 7 8 9 0 1 5 6 
5 4 5 6 7 8 9 9 9 9 9 7 3 3 3 4 5 6 9 9 7 6 7 6 7 8 9 7 6 5 3 7 9 8 9 6 5 4 1 9 8 7 9 5 5 4 4 5 9 8 7 5 4 5 6 9 8 9 8 7 8 9 7 6 7 8 9 1 2 9 7 6 5 4 4 4 5 6 9 9 7 8 9 7 9 3 2 1 9 8 9 8 7 6 7 8 9 7 6 7 
4 3 4 5 6 7 8 9 9 8 7 6 2 1 2 3 4 6 9 8 6 5 4 5 6 7 8 9 7 9 4 9 8 7 8 9 4 3 2 3 9 6 5 4 3 3 3 6 9 9 8 6 7 8 7 8 9 8 9 5 6 9 6 5 6 7 8 9 9 8 9 7 6 7 5 5 9 9 8 6 5 9 8 6 7 9 9 0 1 9 8 9 6 5 6 7 8 9 7 8 
6 4 5 6 9 8 9 9 9 9 8 5 4 0 3 4 5 9 9 8 7 6 3 4 5 6 7 9 9 8 9 9 6 5 7 8 9 4 3 5 9 8 6 5 2 1 2 9 8 9 8 7 8 9 9 9 8 7 5 4 5 8 9 4 5 7 8 9 8 7 8 9 7 8 9 9 8 7 6 5 4 5 7 4 5 7 8 9 9 8 7 6 5 4 5 8 9 9 8 9 
7 5 9 8 9 9 7 7 9 9 5 4 3 1 2 9 9 8 6 9 8 9 2 5 6 8 9 8 8 7 7 8 9 4 6 8 9 9 4 9 8 9 8 3 1 0 3 9 7 9 9 8 9 9 9 8 7 5 6 3 6 7 8 9 6 9 9 8 7 6 9 8 9 9 9 9 9 9 7 6 3 4 6 3 4 6 9 2 1 9 8 9 9 5 6 9 4 3 9 3 
8 7 8 9 3 4 5 6 7 8 9 5 4 2 9 8 7 6 5 4 3 2 1 2 3 9 8 7 9 5 6 9 4 3 5 6 7 8 9 8 7 6 5 4 2 1 9 8 6 3 2 9 2 9 8 7 6 4 1 2 5 6 7 8 9 8 7 5 4 5 6 7 8 9 8 9 8 7 6 5 2 0 1 2 5 8 9 1 0 1 9 9 8 9 9 8 9 2 1 2 
9 8 9 3 2 5 6 9 8 9 8 7 9 3 4 9 8 7 7 5 4 7 4 3 4 9 7 6 2 4 5 8 9 2 4 6 8 9 9 9 9 7 6 5 3 9 7 6 5 4 1 0 1 9 8 6 4 3 0 3 4 5 9 9 9 7 5 4 3 4 3 4 5 6 7 8 9 8 7 4 3 4 5 6 6 7 8 9 1 9 8 8 7 9 8 7 8 9 0 1 
8 9 3 2 1 6 7 8 9 7 9 9 8 9 9 8 9 8 7 6 5 6 5 4 9 7 6 5 1 2 6 7 8 9 5 6 7 8 9 9 9 8 7 6 7 9 8 8 7 4 2 1 9 8 5 4 3 2 1 2 3 4 8 8 9 5 4 3 2 1 2 3 6 7 8 9 4 9 8 5 6 7 8 7 9 8 9 0 9 8 7 7 6 4 9 6 7 8 9 2 
6 5 4 3 0 1 9 9 5 6 9 8 7 9 8 7 6 9 8 7 8 7 6 9 7 6 5 4 2 4 6 8 9 7 6 7 9 9 6 7 8 9 8 7 8 9 9 9 9 4 3 9 8 7 6 5 4 3 4 3 4 5 6 7 8 9 6 5 4 3 3 5 7 8 9 4 3 3 9 9 7 8 9 8 9 9 9 1 9 9 6 5 4 3 4 5 6 7 8 9 
7 6 7 4 9 9 8 9 6 9 8 7 6 5 4 6 5 4 9 8 9 9 8 9 8 7 7 5 3 5 6 7 8 9 9 8 9 3 5 6 9 9 9 8 9 9 8 7 6 5 4 5 9 9 8 9 8 7 6 8 9 6 7 8 9 9 7 6 8 9 4 5 8 9 3 2 1 2 9 8 9 9 5 9 9 9 8 9 8 7 5 4 3 2 3 6 5 6 9 2 
8 9 8 9 8 6 7 8 9 9 9 9 5 4 3 2 1 3 4 9 8 9 9 3 9 8 8 9 7 6 8 9 9 3 4 9 0 2 4 5 6 9 9 9 4 6 9 8 8 6 5 6 7 9 9 9 9 8 7 8 9 7 9 9 2 9 8 7 9 6 5 6 9 5 4 9 0 9 9 7 8 9 4 3 9 8 7 8 9 8 9 8 2 1 2 3 4 9 1 0 
9 8 9 8 7 5 6 7 8 9 9 8 7 5 4 3 2 3 5 6 7 8 9 2 3 9 9 9 8 9 9 9 1 2 3 9 1 2 3 6 7 8 9 9 9 9 7 9 9 7 6 7 8 9 7 9 9 9 9 9 9 8 9 2 1 0 9 9 8 7 6 7 8 9 9 8 9 8 7 6 7 8 9 9 8 9 6 4 2 9 8 7 5 2 3 5 5 8 9 1 
8 7 8 9 6 4 5 6 9 9 9 9 7 6 5 6 3 4 9 8 8 9 0 1 9 7 6 1 9 6 7 8 9 9 9 8 9 3 4 7 8 9 9 9 8 7 6 5 9 8 7 8 9 6 6 7 8 8 9 4 2 9 4 3 2 1 2 3 9 8 7 8 9 9 9 7 9 8 6 5 6 9 8 9 7 6 5 4 1 2 9 5 4 3 4 5 6 7 8 9 
7 6 7 3 2 3 4 5 7 8 9 9 8 7 9 7 9 5 6 9 9 2 1 2 9 8 5 3 4 5 9 9 9 8 5 7 8 9 9 8 9 9 9 8 9 6 5 4 2 9 8 9 4 5 4 5 6 7 8 9 3 9 5 4 3 3 6 7 9 9 8 9 8 7 8 6 5 9 7 4 5 6 7 8 9 9 7 3 2 9 8 7 5 7 7 6 7 8 9 5 
7 5 3 2 1 4 5 7 8 9 2 3 9 9 8 9 8 9 8 9 7 3 4 3 9 9 6 4 5 7 8 9 8 7 6 9 9 6 5 9 4 9 8 7 6 5 4 3 1 0 9 4 3 1 3 4 7 8 9 9 9 8 9 5 4 4 5 8 9 9 9 5 9 6 5 6 4 5 4 3 4 5 8 9 7 6 5 4 5 6 9 8 6 8 8 7 8 9 4 4 
8 7 4 3 2 5 6 9 9 2 1 3 9 8 7 6 7 9 9 9 6 5 5 9 8 7 6 5 6 7 9 9 9 8 7 8 9 9 4 3 2 4 9 8 7 6 5 3 2 9 8 6 3 2 4 5 7 8 9 9 8 7 8 9 6 5 6 7 8 9 7 4 3 9 4 3 2 0 1 2 3 5 7 8 9 7 7 5 6 9 9 8 7 9 9 8 9 4 3 2 
9 8 5 4 3 6 7 8 9 3 2 9 8 8 7 5 6 8 9 8 7 6 7 8 9 8 7 8 7 8 9 9 9 9 8 9 7 8 9 3 1 0 1 9 9 7 6 7 9 8 7 6 5 3 4 6 8 9 5 4 5 6 7 8 9 6 7 8 9 7 6 5 9 8 5 3 2 1 2 3 5 6 8 9 9 9 8 9 9 8 9 9 9 1 0 9 6 5 4 1 
2 9 6 7 4 7 8 9 9 9 9 8 7 6 5 4 7 9 9 9 8 7 8 9 7 9 8 9 9 9 7 8 9 6 9 5 6 7 8 9 2 1 2 9 8 9 7 8 9 9 8 9 7 7 6 7 9 5 4 3 4 5 6 7 8 9 8 9 9 8 7 8 9 7 6 4 3 2 3 4 7 8 9 6 8 9 9 9 8 7 8 9 9 2 2 9 7 7 9 0 
1 2 9 7 6 7 8 9 9 8 6 9 9 8 7 5 6 9 8 7 9 8 9 5 6 9 9 2 1 6 6 9 6 4 3 4 9 9 9 4 3 2 9 8 7 8 9 9 9 8 9 9 8 9 7 8 9 6 5 6 5 6 7 8 9 9 9 4 6 9 8 9 8 9 6 5 4 5 4 5 8 9 4 5 7 8 9 8 7 6 5 9 8 9 9 9 9 9 8 9 
3 3 9 8 7 8 9 9 8 7 5 4 5 9 8 6 7 8 9 6 7 9 3 4 9 8 5 4 3 4 5 7 9 3 2 9 8 7 8 9 4 9 8 7 6 7 9 8 9 7 6 7 9 9 9 9 8 7 7 7 6 8 9 9 8 7 8 9 9 9 9 8 7 8 9 9 5 6 5 6 9 4 3 4 6 7 8 9 9 7 4 7 6 7 8 9 9 8 7 8 
4 5 6 9 8 9 3 5 9 6 5 3 6 5 9 8 9 9 3 5 7 8 9 9 8 7 6 5 4 5 6 7 8 9 0 9 7 6 7 8 9 9 7 6 5 6 6 7 8 9 7 9 7 8 9 9 9 8 8 9 7 9 8 7 7 6 7 7 8 9 8 7 6 7 9 8 9 7 6 7 8 9 2 3 4 5 9 9 5 4 3 4 5 6 7 8 9 7 5 6 
9 6 7 9 9 3 2 9 8 7 6 2 3 4 5 9 2 1 9 9 8 9 5 4 9 9 8 6 5 7 8 9 9 8 9 8 6 5 4 5 7 8 9 5 4 7 5 6 9 9 9 5 6 9 8 9 9 9 9 9 9 8 7 6 3 4 5 6 9 8 7 6 5 7 8 7 8 9 8 8 9 2 1 2 3 9 8 7 6 5 4 5 6 7 9 9 8 7 4 6 
8 9 8 9 9 2 1 0 9 8 4 3 4 6 7 8 9 9 8*8*9 8 7 6 7 8 9 7 6 7 9 8 7 6 5 6 3 2 3 5 6 7 9 4 2 3 4 5 9 9 5 4 5 6 7 8 9 9 8 8 9 9 9 5 4 6 7 9 8 7 6 5 4 3 8 6 9 4 9 9 2 1 0 1 2 3 9 9 8 7 6 7 8 9 9 8 6 5 3 5 
7 6 9 8 7 9 2 1 9 9 5 4 9 7 8 9 8*7*6*7*8*9 9 8 9 9 2 9 9 8 9 7 6 5 4 3 2 1 2 4 7 9 5 3 1 2 3 6 7 8 9 3 4 5 6 9 9 7 7 6 8 8 8 9 5 6 7 8 9 8 5 6 5 2 3 4 9 3 9 9 9 3 2 3 3 4 5 6 9 8 7 8 9 8 9 9 4 4 2 4 
4 5 9 7 6 7 9 9 8 7 6 9 8*9 9 8*9 5*4*5*6*7*8*9 9 9 3 9 8 9 9 8 7 6 5 5 4 2 5 6 7 8 9 4 2 3 4 5 8 9 3 2 3 4 9 8 8 6 6 5 7 6 7 8 9 7 8 9 8 7 4 3 2 1 2 9 8 9 8 9 8 9 3 4 6 7 6 7 8 9 8 9 6 7 9 4 3 2 1 2 
3 9 7 6 5 6 7 8 9 9 9 8*7*8*7*6*4*4*3*4*5*6*7*8*9 8 9 8 7 8 9 9 8 8 7 6 4 3 4 5 6 9 7 6 3 4 5 6 9 3 2 1 2 9 8 7 9 5 4 4 3 5 8 9 9 8 9 9 9 6 5 5 9 9 9 8 7 5 7 9 7 9 9 5 8 8 9 8 9 6 9 3 4 9 8 5 4 1 0 1 
2 9 8 7 7 8 8 9 9 8 9 8*6*5*4*3*2*1*2*4*6*7*8*9 8 7 8 5 6 7 8 9 9 9 9 7 5 6 5 6 8 9 6 5 4 7 6 7 9 4 9 0 9 9 9 6 4 4 3 1 2 6 7 8 9 9 3 9 8 7 8 9 8 7 6 6 6 4 6 7 6 7 8 9 9 9 9 9 9 5 4 2 9 8 7 6 5 2 1 2 
0 1 9 8 9 9 9 9 8 7 6 9 7*6*5*4*4*0*1*2*3*8*7*8*9 6 5 4 5 8 9 8 9 9 8 7 6 7 8 7 9 8 7 7 6 9 7 8 9 9 8 9 8 9 8 7 3 2 1 0 1 2 8 9 4 3 2 1 9 8 9 9 8 7 5 4 3 2 5 4 5 6 7 8 9 9 9 9 8 3 2 1 0 9 6 5 4 3 2 3 
3 2 3 9 3 2 9 8 7 6 5 5 9 9 6*4*3*1*6*3*4*5*6*9 6 5 7 2 4 7 6 7 8 9 9 8 7 8 9 8 9 9 9 8 7 8 9 9 9 8 7 6 7 8 9 5 4 3 2 3 2 3 9 8 9 9 1 0 9 9 9 8 7 6 5 6 2 1 2 3 4 5 6 7 8 9 8 7 6 4 3 2 1 9 8 6 6 4 4 4 
4 5 6 8 9 3 9 8 7 6 4 4 9 8*7*6*4*2*5*4*5*6*7*8*9 4 2 1 2 4 5 7 8 9 9 9 8 9 6 9 6 4 3 9 8 9 0 1 2 9 6 5 6 9 9 8 6 5 3 5 3 4 5 6 7 8 9 9 8 7 9 9 9 9 4 2 1 0 1 2 3 4 5 6 7 8 9 8 9 6 4 4 2 9 9 7 7 8 6 5 
7 6 7 8 9 4 9 7 6 7 3 2 0 9 8*7*4*3*4*6*6*7*8*9 7 9 1 0 1 3 4 5 7 8 9 8 9 6 5 5 4 3 2 3 9 7 9 2 9 8 9 4 9 8 9 9 7 6 9 6 7 8 9 8 8 9 9 8 7 6 7 9 8 7 6 3 2 1 2 3 4 7 6 7 8 9 9 9 8 9 6 7 9 8 7 9 8 9 8 7 
9 8 9 9 8 9 9 6 5 4 3 2 1 2 9 9 5*4*5*8*7*8*9 5 6 8 9 1 5 4 9 6 9 9 8 7 6 5 4 3 2 0 1 2 5 6 8 9 8 7 5 3 9 7 9 9 8 9 8 7 8 9 5 9 9 7 8 9 6 5 6 7 9 8 5 4 3 2 3 5 6 7 8 9 9 9 9 9 7 9 9 8 9 7 6 5 9 5 9 8 
2 9 6 5 6 9 8 7 6 5 4 5 3 9 8*7*6*5*6*7*8*9 3 4 5 6 9 2 9 9 8 9 8 9 9 9 8 6 5 3 2 1 3 3 4 5 6 9 7 6 4 2 3 6 7 8 9 9 9 8 9 5 4 3 5 6 7 8 9 4 5 9 8 7 6 9 4 3 4 5 8 8 9 2 3 9 8 7 6 7 8 9 9 8 5 4 3 4 6 9 
1 9 7 8 7 9 9 8 7 6 7 6 4 5 9 8*9 9 7*9 9 3 2 3 6 9 8 9 8 8 7 5 6 9 9 9 8 7 5 4 3 2 4 4 5 7 7 9 9 8 4 3 4 5 6 7 8 9 1 9 7 6 5 4 6 7 9 9 4 3 4 5 9 8 9 8 6 6 5 6 7 8 9 9 9 8 7 6 5 6 7 8 9 9 7 6 5 9 7 8 
9 8 9 9 8 9 0 9 9 9 8 6 5 6 7 9 4 3 9 8 7 4 3 4 5 9 7 8 7 6 5 4 5 7 8 9 9 9 7 9 4 3 4 7 6 9 9 8 7 6 5 5 6 6 7 9 9 4 3 9 8 7 8 6 9 9 9 4 3 2 3 4 5 9 9 9 7 7 8 7 9 9 7 8 9 9 8 5 4 3 4 5 6 9 8 7 9 8 9 9 
5 7 8 9 9 2 1 9 9 8 9 9 8 7 8 9 5 9 8 7 6 5 4 6 9 8 6 4 3 1 2 3 5 6 7 8 9 8 9 8 9 4 5 6 7 8 9 9 8 7 6 9 7 8 9 9 6 5 4 5 9 8 9 9 8 9 8 7 6 4 5 9 7 8 9 9 8 9 9 8 9 4 6 7 8 9 5 4 4 2 3 4 5 6 9 9 8 7 9 9 
4 5 7 8 9 3 9 8 9 6 7 8 9 8 9 8 6 7 9 9 7 7 6 9 8 7 5 3 2 0 3 4 6 7 9 9 9 7 6 7 8 9 6 7 8 9 8 7 9 9 7 8 8 9 9 8 7 6 5 6 9 9 8 8 7 9 9 8 7 5 9 8 9 9 9 8 9 5 4 9 2 3 7 8 9 6 5 3 2 1 0 1 9 9 8 7 9 6 8 9 
3 4 5 7 8 9 8 7 8 5 8 7 8 9 8 9 7 8 9 9 8 8 7 8 9 9 5 4 3 6 5 7 8 8 9 9 8 9 5 6 7 8 9 9 9 7 9 6 5 9 8 9 9 3 4 9 8 9 6 9 8 8 7 8 6 7 9 9 8 9 8 7 8 9 8 7 6 4 3 2 1 3 5 6 8 9 5 4 5 2 1 9 8 9 7 6 7 5 7 8 
2 3 4 6 7 9 8 6 7 4 5 6 9 8 7 8 9 9 9 9 9 9 8 9 6 7 9 5 4 5 6 8 9 9 5 6 7 8 9 9 8 9 8 7 6 5 4 3 4 5 9 9 3 2 3 4 9 8 9 8 7 6 5 4 5 6 7 8 9 9 7 6 7 8 9 8 6 4 2 1 0 2 3 9 9 7 6 7 4 3 9 8 7 6 5 4 3 4 6 7 
3 5 7 8 9 9 7 5 2 3 4 5 8 9 6 7 8 9 9 8 7 6 9 6 4 9 8 7 6 7 8 9 4 3 4 6 7 9 4 2 9 0 9 8 7 6 7 6 5 6 7 8 9 9 9 9 8 7 6 5 4 5 3 2 3 4 8 9 5 4 4 5 7 8 9 9 7 7 3 2 1 3 9 8 9 8 9 8 9 9 8 7 6 5 4 3 2 4 5 7 
4 6 7 9 8 7 6 3 1 2 5 6 7 9 5 6 8 9 9 9 8 5 4 5 3 4 9 8 7 8 9 3 2 1 2 3 7 8 9 1 9 1 2 9 8 7 8 7 6 7 8 9 9 8 7 6 9 8 9 6 3 1 0 1 2 3 7 8 9 3 2 4 8 9 9 9 9 6 4 3 4 9 8 7 8 9 8 9 2 1 9 9 8 4 3 2 1 2 4 8 
5 6 7 9 7 6 5 4 0 3 4 5 8 9 4 6 7 9 9 8 7 6 3 1 2 3 4 9 8 9 5 4 3 0 1 4 6 7 8 9 8 9 9 8 9 8 9 9 8 8 9 9 9 5 6 4 5 9 8 5 4 2 3 5 4 5 6 7 9 9 8 6 7 9 9 8 7 6 5 4 9 8 7 6 6 5 7 8 9 2 3 9 8 7 4 3 2 3 5 9 
6 7 8 9 8 7 6 5 6 4 5 9 9 4 3 5 6 7 9 9 3 2 1 0 3 4 6 8 9 8 9 5 4 1 2 3 6 8 9 7 6 7 8 7 8 9 3 2 9 9 9 9 8 4 3 3 9 8 7 6 5 3 4 6 6 6 7 9 9 9 8 7 8 9 3 9 8 7 8 9 8 7 6 5 5 4 6 7 8 9 9 8 7 6 5 4 3 7 6 7 
7 8 9 9 9 9 7 7 6 5 7 8 9 3 2 4 5 9 8 9 6 5 2 1 3 5 8 9 9 7 8 9 5 9 3 4 5 9 9 9 5 7 8 6 8 9 2 1 0 1 9 7 6 5 2 1 3 9 9 8 5 4 5 7 7 8 8 9 8 8 9 8 9 1 2 3 9 8 9 9 9 6 5 4 4 3 4 5 6 9 9 9 8 9 6 5 6 8 9 9 
8 9 9 7 9 9 9 8 7 6 9 9 3 2 1 2 9 8 7 6 5 4 3 2 5 6 7 8 9 6 7 9 9 8 9 5 7 8 9 5 4 3 6 5 7 8 9 2 2 3 9 8 7 2 1 0 1 2 4 9 6 6 6 9 8 9 9 7 7 7 7 9 9 0 3 4 9 9 2 9 8 6 4 3 2 2 3 4 8 8 9 9 9 8 7 8 9 9 9 9 
9 7 8 5 7 8 9 9 8 7 8 9 5 4 3 3 4 9 8 7 8 5 4 4 8 7 8 9 5 5 4 7 6 7 8 9 8 9 6 5 3 2 3 4 6 7 8 9 9 5 9 9 4 3 2 1 2 4 9 8 7 8 9 8 9 5 4 6 5 6 6 7 8 9 4 9 8 9 1 0 9 3 2 1 0 1 4 5 6 7 8 9 2 9 8 9 8 9 8 9 
7 6 4 4 6 7 8 9 9 8 9 9 9 9 9 4 5 6 9 8 7 6 7 5 9 8 9 4 3 2 3 4 5 6 7 8 9 9 8 4 2 1 2 3 4 5 6 7 8 9 8 7 6 4 3 2 4 5 6 9 8 9 9 7 6 5 3 2 3 4 5 9 9 7 6 9 7 8 9 9 8 7 6 2 3 4 6 8 9 8 9 2 1 2 9 8 7 8 7 8 
5 4 3 3 5 6 7 8 9 9 7 8 7 8 8 9 6 7 8 9 8 7 8 9 8 9 6 5 4 1 2 3 5 6 8 9 4 6 9 3 2 0 3 5 7 6 7 8 9 9 9 9 8 5 4 3 6 7 7 8 9 9 8 6 5 4 2 1 2 3 6 7 8 9 9 7 6 4 9 8 7 6 5 4 4 5 6 7 8 9 4 3 4 9 8 9 6 5 6 7 
4 3 1 2 3 4 5 7 8 9 6 5 6 7 7 8 9 8 9 9 9 8 9 9 7 9 8 6 5 0 1 2 4 5 7 9 3 9 8 4 2 1 2 4 5 6 8 9 4 8 7 8 9 6 5 4 5 9 9 9 1 0 9 8 4 2 1 0 1 4 5 6 9 8 6 5 4 3 2 9 9 7 6 5 8 7 8 9 9 6 5 4 9 8 7 6 5 4 5 6 
5 3 2 3 4 5 6 8 9 6 5 4 7 8 6 7 8 9 9 9 8 9 9 8 6 8 9 9 3 1 2 4 5 7 8 9 2 9 7 5 3 2 3 5 6 9 9 2 3 6 6 9 8 7 6 5 6 7 8 9 2 1 9 7 5 3 2 1 2 7 6 8 9 9 9 8 3 2 1 2 9 8 9 7 9 8 9 9 9 8 9 9 8 7 6 5 4 3 4 5 
5 4 3 4 6 7 7 9 7 6 4 3 2 3 5 6 7 8 9 8 7 5 4 6 5 6 7 8 9 2 3 5 7 8 9 3 1 0 9 6 4 6 7 6 7 8 9 1 2 4 5 6 9 9 7 9 7 8 9 8 9 9 8 9 6 4 3 2 3 4 8 9 9 8 7 6 4 3 2 3 9 9 9 8 9 9 9 9 8 9 9 9 9 8 5 4 3 2 4 7 
7 6 4 6 7 8 9 9 8 4 3 2 1 3 4 5 6 7 9 8 7 6 3 2 4 7 8 9 4 3 7 6 8 9 5 4 2 9 8 7 5 6 8 9 8 9 1 0 1 5 6 7 8 9 8 9 8 9 8 7 7 8 7 8 9 6 7 8 4 6 7 8 9 9 8 7 6 4 3 9 8 7 6 9 4 5 9 8 7 9 9 8 7 6 5 4 3 0 5 6 
8 7 6 9 8 9 9 8 7 5 4 3 2 4 8 7 7 9 8 7 6 5 4 5 5 9 9 7 6 5 9 7 9 7 6 5 3 4 9 7 6 7 9 8 9 8 9 1 3 4 9 8 9 9 9 5 9 8 7 6 5 6 6 7 8 9 9 9 8 7 8 9 5 6 9 9 6 5 6 9 8 6 5 3 3 9 8 9 6 8 9 9 6 5 4 3 2 1 2 5 
9 8 7 8 9 4 9 8 7 6 5 4 6 7 9 8 9 3 9 9 7 7 6 8 6 7 8 9 7 6 8 8 9 8 7 6 7 9 6 9 8 9 8 7 5 7 8 9 5 9 8 9 9 9 6 4 6 9 6 5 4 3 4 5 6 7 8 9 9 8 9 3 4 5 9 8 7 9 9 8 7 6 4 2 1 2 6 4 5 7 9 8 7 6 6 5 4 5 3 4 
9 9 8 9 4 3 2 9 8 7 6 5 7 8 9 9 4 2 4 9 8 8 7 9 7 8 9 2 9 7 9 9 0 9 8 7 9 9 5 4 9 9 8 7 6 8 9 9 9 8 7 9 8 7 5 3 9 8 9 4 3 2 3 4 5 7 9 9 9 9 3 2 3 6 7 9 9 8 7 6 5 3 2 1 0 1 2 3 4 9 9 9 8 9 8 7 8 6 7 9 
9 8 9 4 3 2 1 2 9 8 7 6 7 8 9 4 2 1 2 5 9 9 9 9 8 9 4 3 9 8 9 2 1 2 9 9 9 8 6 3 2 3 9 8 9 9 3 9 8 7 6 5 4 2 1 2 6 7 8 9 2 1 2 3 5 8 9 9 8 7 4 5 4 5 6 7 8 9 9 7 8 7 3 3 2 2 4 5 5 8 9 9 9 1 9 8 9 8 8 9 
8 7 6 5 2 1 0 1 2 9 8 9 8 9 6 5 3 4 3 4 5 6 7 8 9 6 5 4 6 9 4 3 2 9 8 7 6 5 4 2 1 4 5 9 1 0 2 3 9 8 6 5 4 3 0 3 5 6 9 4 2 0 1 2 3 9 9 8 7 6 5 6 5 6 8 8 9 2 1 9 8 6 5 4 3 3 4 5 6 7 8 9 2 0 1 9 9 9 9 9 

8 6 7 9 8 7 6 4 2 3 4 5 6 7 8 9 9 8 9 9 8 7 8 9 8 9 5 4 3 2 1 0 1 2 9 8 7 8 9 9 8 7 5 4 3 4 9 8 9 8 9 5 7 9 5 4 4 2 3 5 6 9 9 7 9 0 1 9 8 7 8 9 6 5 3 5 6 9 8 9 9 8 9 9 8 7 6 5 4 5 7 8 9 1 2 5 6 7 8 9 
6 4 5 7 9 8 7 5 6 7 8 9 9 8 9 4 6 7 9 9 8 6 5 6 7 8 9 5 4 3 3 1 2 9 8 7 6 7 8 9 9 7 6 5 4 9 8 7 6 7 3 4 9 8 4 3 1 0 1 2 9 8 8 6 8 9 9 8 7 6 7 8 9 4 2 3 9 8 7 7 9 7 8 9 9 8 7 9 3 7 8 9 3 2 3 4 9 8 9 2 
5 3 5 6 7 9 8 7 7 8 9 7 9 9 2 3 4 9 8 9 9 8 6 7 8 9 9 7 6 5 4 9 9 8 7 6 5 6 7 8 9 8 7 9 5 6 9 8 5 4 2 9 8 7 5 4 2 1 2 9 8 7 6 5 6 7 9 7 6 5 6 9 8 9 0 9 8 7 6 6 7 6 7 8 9 9 9 8 9 8 9 5 4 5 9 9 8 9 9 0 
3 2 3 5 6 7 9 8 9 9 7 6 7 9 3 9 5 6 7 8 9 9 9 8 9 6 5 9 7 6 9 8 7 8 6 5 4 5 8 9 9 9 9 8 9 7 8 9 9 3 1 9 9 8 6 6 3 2 9 8 7 6 4 3 4 5 6 9 8 4 5 6 7 8 9 8 7 6 5 4 4 5 6 7 8 9 8 7 9 9 7 6 5 9 8 9 7 6 7 9 
4 1 2 3 7 9 9 9 9 8 5 4 7 8 9 8 9 7 8 9 9 9 8 9 6 5 3 9 8 7 8 9 6 5 4 3 3 6 8 9 9 8 9 7 8 9 9 9 8 9 9 8 9 9 6 5 4 3 4 9 8 7 8 8 7 6 7 8 9 3 4 5 6 7 9 7 6 5 4 3 2 6 7 9 9 9 7 6 8 9 9 7 9 8 7 5 6 5 6 7 
3 2 4 9 9 9 9 8 7 6 3 3 5 6 6 7 8 9 9 9 9 8 7 6 4 3 2 1 9 8 9 8 7 6 5 2 1 5 9 9 8 7 5 6 7 8 9 9 7 8 9 7 9 8 7 6 5 4 6 7 9 8 9 9 8 7 9 9 4 2 3 4 5 6 7 9 7 6 3 2 1 4 8 9 8 7 6 5 6 7 8 9 8 7 6 4 5 4 5 9 
4 5 9 8 8 9 9 9 9 4 2 1 3 4 5 6 9 8 9 8 9 9 8 9 5 2 1 0 1 9 5 9 9 8 6 3 2 4 7 8 9 3 4 5 6 7 8 9 6 4 5 6 7 9 8 7 7 5 9 8 9 9 3 4 9 8 9 3 2 1 2 3 4 5 6 7 9 8 5 4 2 3 9 8 9 6 5 4 3 4 6 8 9 5 5 3 2 3 4 8 
5 9 8 7 7 7 8 9 6 5 3 6 5 5 6 9 8 7 5 7 8 8 9 8 6 7 9 1 2 3 4 9 8 7 5 4 3 5 6 9 1 2 3 4 5 9 9 6 5 3 4 5 6 7 9 8 9 6 7 9 9 1 2 9 9 9 4 3 2 0 1 2 3 4 5 9 8 7 6 4 3 9 8 7 6 5 4 3 2 3 5 6 9 4 3 2 1 2 5 7 
9 8 9 6 5 6 7 8 9 6 8 7 8 6 7 8 9 6 4 5 9 7 8 9 7 9 8 9 5 4 5 9 8 7 6 5 6 7 8 9 0 3 4 5 9 8 9 5 4 2 3 4 5 6 7 9 8 9 8 9 8 9 9 8 9 9 8 5 3 1 2 3 4 6 6 7 9 8 7 5 4 5 9 8 7 4 3 2 1 2 6 7 8 9 4 5 2 3 5 6 
8 7 6 5 4 3 6 9 9 7 9 8 9 9 8 9 7 5 3 4 5 6 7 8 9 9 7 8 9 5 6 7 9 9 8 6 7 8 9 4 1 4 5 9 8 7 8 9 2 1 3 5 6 7 9 8 7 8 9 5 6 8 9 7 8 9 7 6 9 2 3 4 5 7 7 8 9 9 8 9 5 6 7 9 8 9 7 4 2 3 5 6 9 6 5 4 3 4 6 7 
9 9 8 9 3 2 4 9 8 9 9 9 9 8 9 5 6 4 2 3 4 5 8 9 8 8 6 7 8 9 7 9 8 7 9 9 8 9 4 3 2 3 9 8 7 6 7 9 3 2 4 5 7 8 9 9 5 4 3 4 5 9 7 6 8 9 8 9 8 9 6 5 9 8 8 9 9 8 9 7 6 7 8 9 9 8 6 5 3 4 5 7 8 9 6 7 5 5 9 8 
9 9 9 8 2 1 7 6 7 9 9 9 8 7 4 3 2 1 0 1 5 6 9 8 7 9 5 6 7 8 9 8 7 5 4 5 9 6 5 4 9 9 8 7 6 5 6 8 9 3 5 6 7 9 8 7 6 5 5 8 6 8 9 5 8 9 9 9 7 8 9 9 8 9 9 9 8 7 9 8 9 8 9 3 4 9 7 5 4 8 6 9 9 8 7 8 6 7 8 9 
9 8 8 6 5 0 4 5 6 7 8 9 7 6 5 4 4 3 4 5 6 9 8 9 6 7 4 5 8 9 9 9 7 6 5 9 8 7 6 9 8 7 6 7 8 4 8 7 8 9 6 9 8 9 9 8 7 6 6 7 8 9 6 4 6 9 8 8 6 9 9 8 7 8 9 8 9 6 5 9 3 9 1 2 3 9 8 6 5 6 7 8 9 9 9 9 7 9 9 2 
8 7 5 4 3 2 3 4 5 6 7 8 9 7 6 5 5 6 7 7 9 8 7 6 5 6 3 4 5 6 8 9 8 7 8 9 9 8 9 8 7 6 5 4 4 3 5 6 7 8 9 9 9 1 0 9 8 7 9 8 9 6 4 3 9 8 7 6 5 8 9 7 6 9 8 7 8 9 4 3 2 1 0 9 4 5 9 8 9 9 8 9 9 8 7 9 8 9 9 3 
9 8 6 5 4 5 4 5 8 7 8 9 9 8 7 6 7 8 9 8 9 9 6 5 4 3 2 5 9 9 9 9 9 8 9 8 7 9 9 9 7 6 5 3 1 2 4 7 6 9 9 9 3 2 1 9 9 8 9 9 6 4 3 2 1 9 8 7 4 7 8 9 5 4 3 6 7 8 9 6 3 2 9 8 9 9 8 9 9 8 9 9 8 7 6 5 9 7 8 9 
9 8 7 6 5 7 5 6 7 9 9 5 8 9 8 9 8 9 6 9 9 8 5 4 3 2 1 2 7 8 9 8 7 9 9 9 6 7 9 7 8 8 7 1 0 2 3 4 5 6 7 8 9 3 9 8 6 9 9 8 7 8 4 3 2 4 9 6 5 6 7 8 9 3 2 5 8 9 6 5 4 9 8 7 9 8 6 7 8 7 9 9 9 9 5 4 5 6 7 8 
9 9 8 9 9 8 9 7 8 9 3 4 7 9 9 9 9 4 5 9 8 7 6 5 4 1 0 4 6 9 8 7 6 9 8 6 5 9 8 6 5 4 3 2 1 5 4 5 6 8 9 9 9 9 5 4 5 6 9 9 8 9 6 7 3 9 8 7 9 7 9 9 3 2 1 4 5 8 9 6 9 7 6 5 7 6 5 3 4 6 8 9 6 5 4 3 1 7 3 4 
8 9 9 0 3 9 9 8 9 3 2 7 6 7 8 9 4 3 4 5 9 8 6 5 3 2 4 5 7 8 9 8 5 9 8 7 9 8 9 7 6 5 4 3 5 6 7 6 8 9 9 9 8 7 6 3 2 9 8 7 9 8 7 8 9 7 9 8 9 8 9 4 3 2 0 3 4 7 8 9 8 6 5 4 3 2 3 2 4 5 7 8 9 4 3 2 0 1 2 3 
7 9 2 1 2 3 4 9 2 1 0 4 5 6 7 8 9 2 3 9 8 7 6 5 4 3 4 6 9 9 9 9 4 3 9 9 7 6 9 8 8 6 7 4 9 7 8 7 8 9 8 7 9 8 9 9 9 8 7 6 5 9 8 9 7 6 7 9 9 9 8 5 4 5 1 2 5 6 7 9 6 5 4 3 2 1 0 1 6 6 6 7 8 9 4 3 4 5 3 4 
6 8 9 9 3 9 9 7 6 3 2 3 4 7 9 9 1 0 1 2 9 8 7 6 5 6 7 7 8 9 9 8 9 4 9 8 9 4 2 9 8 7 8 9 9 8 9 8 9 2 7 6 7 9 9 8 3 9 9 7 4 3 9 9 9 5 6 7 9 8 7 6 5 4 2 3 6 8 9 8 7 6 5 4 3 2 1 2 3 4 5 8 9 6 5 9 8 7 6 5 
5 6 7 8 9 8 7 6 5 4 3 6 5 6 7 8 9 1 2 3 4 9 8 7 8 9 8 9 9 5 6 7 8 9 8 7 1 0 1 2 9 8 9 0 1 9 8 9 4 3 4 5 9 7 6 7 2 9 8 6 5 4 5 9 9 6 9 8 9 9 8 9 9 4 3 4 7 9 9 9 8 7 6 7 5 4 2 3 4 6 9 9 9 8 9 9 9 8 7 8 
6 7 8 9 0 9 8 7 6 5 4 5 8 9 8 9 4 3 4 4 5 9 9 8 9 7 9 6 5 4 5 8 9 8 7 6 5 1 2 3 4 9 9 1 9 8 7 6 5 5 6 6 7 9 5 4 1 0 9 7 6 5 6 7 8 9 8 9 1 0 9 8 7 6 4 5 6 7 8 9 9 9 7 9 6 5 6 4 5 9 8 7 8 9 8 9 1 9 9 9 
7 9 9 9 2 3 9 8 7 6 5 6 7 8 9 6 5 4 5 6 9 8 9 9 7 6 5 4 3 2 3 4 9 8 7 6 4 2 5 4 5 6 8 9 9 9 9 8 7 8 7 7 9 8 9 3 2 1 9 8 9 9 8 9 9 6 7 8 9 1 2 9 8 9 5 7 7 8 9 2 3 4 9 8 7 6 7 6 9 8 7 6 7 6 7 9 0 1 2 3 
9 8 9 8 9 9 9 9 8 7 6 7 8 9 9 9 6 5 6 9 9 7 9 9 7 5 4 3 2 1 5 9 8 7 6 5 4 3 6 6 7 8 9 9 8 9 0 9 8 9 9 9 6 7 9 4 5 2 3 9 7 8 9 7 6 5 4 9 8 9 9 7 9 9 6 8 9 9 9 1 2 9 9 9 8 7 9 7 8 9 9 5 4 5 6 7 9 2 3 4 
8 7 6 7 9 8 8 9 9 8 7 8 9 9 9 8 9 6 9 8 7 6 8 8 9 6 5 4 6 3 4 5 9 8 7 6 5 4 7 7 8 9 9 8 7 9 1 2 9 9 8 8 5 6 8 9 4 3 9 8 6 6 8 9 7 6 9 8 7 8 9 6 9 8 7 8 9 7 8 9 9 8 9 8 9 8 9 9 9 9 8 4 3 4 5 6 9 3 9 5 
7 6 5 9 8 6 7 8 9 9 9 9 5 9 7 7 8 9 9 7 6 5 6 7 8 9 9 5 7 4 5 6 7 9 8 8 9 6 9 8 9 9 9 7 6 8 9 3 4 9 7 7 4 5 6 9 9 9 8 7 5 5 6 7 9 9 8 7 6 8 9 5 4 9 8 9 4 5 7 8 9 7 8 7 5 9 8 9 9 8 6 5 4 5 6 7 8 9 7 9 
8 5 4 3 4 5 6 9 8 7 6 5 4 6 5 6 9 9 7 6 4 3 4 3 5 7 8 9 8 9 9 7 8 9 9 9 8 7 8 9 0 9 8 6 5 6 8 9 9 7 6 5 3 4 9 8 8 9 5 4 3 4 6 7 8 9 9 8 7 9 9 4 3 3 9 9 5 6 8 9 7 6 5 6 4 5 7 9 8 9 7 7 5 6 7 9 9 5 6 7 
7 6 5 1 5 6 8 9 9 9 7 4 3 2 4 9 8 7 6 5 3 2 1 2 4 6 7 8 9 8 7 9 9 3 2 1 9 8 9 2 1 9 7 5 4 5 6 9 9 9 8 3 2 9 8 7 7 6 5 3 2 3 4 6 7 8 9 9 8 9 8 9 2 1 9 8 6 7 9 7 6 5 4 4 2 4 5 6 7 9 8 9 6 9 8 9 5 4 8 9 
8 7 9 8 6 7 8 9 9 9 6 5 4 3 4 5 9 9 7 6 4 3 2 4 5 6 7 9 7 8 6 9 8 9 3 9 8 9 6 4 9 8 7 6 3 6 9 8 9 9 3 2 1 0 9 6 5 4 3 2 1 2 3 6 7 8 9 9 9 6 7 9 3 2 3 9 7 8 9 6 5 4 3 2 1 3 9 9 8 9 9 8 7 8 9 4 3 2 9 8 
9 9 9 9 7 8 9 4 9 8 7 6 5 6 5 6 7 9 8 6 5 5 4 5 6 7 9 8 6 7 5 9 7 9 9 8 7 9 7 9 8 9 8 9 2 9 8 7 9 8 9 3 2 9 8 7 4 3 2 1 0 5 4 5 6 7 8 9 4 5 6 7 9 9 5 9 8 9 9 7 9 3 2 1 0 9 8 8 9 8 9 9 8 9 6 5 4 5 6 7 
5 8 9 9 8 9 3 2 0 9 9 8 6 7 6 9 8 9 9 8 7 8 5 6 7 9 8 7 4 3 4 5 6 7 8 9 6 8 9 9 7 5 9 8 9 9 7 6 9 7 8 9 9 8 7 6 5 4 3 3 2 4 5 6 7 8 9 4 3 4 5 6 7 8 9 9 9 9 8 9 8 9 3 3 4 9 7 7 8 7 8 9 9 8 7 6 7 6 7 8 
6 7 9 8 9 9 5 3 4 9 8 9 9 8 7 8 9 6 8 9 8 9 8 7 9 8 7 6 3 2 3 8 7 8 9 3 5 7 8 9 8 9 8 7 9 8 7 5 4 5 7 8 9 9 8 8 6 5 4 4 3 7 6 7 8 9 7 3 2 3 4 5 6 7 8 9 9 8 7 6 7 8 9 9 9 8 6 5 4 6 7 8 9 9 8 9 8 9 8 9 
8 9 8 7 6 8 9 4 9 8 7 7 8 9 8 9 6 5 4 3 9 9 9 9 8 7 6 5 2 1 8 7 6 7 8 9 9 8 9 4 9 8 7 6 5 9 8 6 5 6 7 9 3 3 9 8 7 6 5 5 4 5 6 9 9 6 5 4 3 5 5 7 9 8 9 9 8 9 6 5 6 6 9 8 7 6 5 4 3 8 9 9 9 6 9 4 9 2 9 6 
9 8 9 6 5 6 9 5 7 9 6 6 7 8 9 9 5 4 3 2 9 8 9 9 7 6 5 4 1 0 3 6 5 6 9 9 9 9 2 3 4 9 6 5 4 3 9 8 6 7 8 9 2 1 9 9 8 7 6 6 5 6 7 8 9 7 8 5 5 7 6 7 9 9 9 8 7 6 5 4 6 5 6 9 8 7 6 6 5 7 8 9 8 5 4 3 2 1 4 5 
8 7 8 9 4 5 8 9 9 8 5 4 9 6 7 8 9 5 4 9 8 7 9 8 6 5 4 3 2 1 2 3 4 5 6 8 9 9 1 3 9 8 7 3 3 2 2 9 9 8 9 4 3 9 8 7 9 9 8 7 6 7 8 9 9 8 7 6 6 8 9 8 9 9 9 9 7 6 4 3 2 4 5 6 9 9 8 7 6 7 8 9 7 6 5 4 3 0 3 4 
9 6 9 8 9 6 7 9 9 7 4 3 4 5 6 7 8 9 5 9 7 6 7 9 9 7 6 4 3 2 3 4 5 9 8 9 9 8 9 9 8 7 6 2 1 0 1 2 3 9 9 5 9 8 7 6 4 5 9 9 7 8 9 7 8 9 8 7 8 9 7 9 3 9 8 7 6 5 3 2 1 3 4 9 8 9 9 8 9 8 9 9 8 8 7 4 3 1 2 3 
6 5 6 7 8 9 9 8 7 6 5 2 3 4 9 8 9 9 9 8 8 5 6 7 9 8 9 8 5 4 9 5 6 8 9 9 8 7 9 7 9 6 5 4 2 1 2 3 4 5 7 9 9 9 8 4 3 4 5 9 8 9 8 6 7 9 9 8 9 5 6 9 2 1 9 9 8 6 6 3 2 3 5 6 7 9 3 9 4 9 7 8 9 9 9 8 4 2 3 5 
7 6 7 8 9 9 9 8 8 7 2 1 4 5 8 9 9 9 8 7 6 4 3 2 3 9 8 7 6 7 8 9 7 9 9 8 7 6 5 6 9 8 6 4 3 2 3 4 6 8 8 9 9 8 9 5 4 5 6 7 9 9 6 5 9 8 7 9 3 4 8 8 9 0 1 2 9 6 5 4 5 9 8 7 9 4 2 1 3 4 5 9 9 9 8 7 6 3 4 6 
9 8 8 9 6 9 8 7 5 4 3 2 3 6 7 8 9 9 9 8 9 6 4 3 4 5 9 8 8 9 9 9 8 9 4 9 9 8 6 9 9 9 7 5 5 6 5 7 7 9 9 9 8 7 8 9 8 7 8 9 9 8 7 3 2 9 6 3 2 1 6 7 9 2 2 9 8 7 6 5 6 9 9 8 9 5 4 5 4 5 7 8 9 9 9 9 7 9 5 9 
9 9 9 6 5 2 9 7 6 5 4 3 4 5 6 7 8 9 9 9 9 7 5 7 6 6 9 9 9 9 9 9 9 2 3 4 9 9 9 8 9 9 8 7 6 9 6 7 9 8 7 6 7 6 7 8 9 8 9 6 8 9 9 4 9 8 5 4 4 2 5 7 8 9 3 9 9 8 7 9 7 8 9 9 8 6 7 6 5 6 7 8 9 9 8 7 9 8 9 8 
9 8 7 5 4 1 9 8 8 9 5 5 6 8 7 8 9 9 8 6 9 8 6 7 8 7 8 9 9 9 8 9 0 1 2 9 8 9 8 7 8 9 9 8 9 8 9 9 8 7 6 5 6 5 8 9 9 9 7 5 4 3 2 9 8 7 6 5 4 3 4 6 7 8 9 8 7 9 8 9 8 9 1 2 9 7 9 7 6 9 8 9 9 8 7 6 5 7 6 7 
8 9 5 4 3 2 3 9 9 7 6 6 7 9 8 9 8 9 6 5 6 9 8 9 9 8 9 9 9 8 7 8 9 2 9 8 7 6 9 5 7 7 8 9 8 7 9 9 9 8 7 4 5 4 9 6 9 8 9 4 2 1 0 1 9 8 7 6 5 6 7 8 9 9 2 3 6 8 9 9 9 3 2 3 9 8 9 8 7 9 9 2 4 9 6 5 4 4 5 6 
7 8 9 9 9 3 4 5 9 8 7 9 8 9 9 6 7 8 9 6 9 9 9 9 9 9 9 9 9 7 6 7 9 9 8 7 5 5 3 4 5 6 9 8 7 6 8 9 9 9 4 3 2 3 4 5 6 7 8 9 3 2 9 2 9 9 8 9 6 7 9 9 3 2 1 2 5 9 8 9 9 4 3 9 9 9 6 9 8 9 5 3 9 8 9 3 2 3 4 5 
6 9 8 7 8 9 5 7 8 9 8 9 9 4 4 5 6 7 8 9 8 9 8 8 9 9 9 8 8 6 5 6 8 9 7 5 4 3 2 3 9 9 8 7 6 5 6 9 8 7 6 4 3 4 5 6 7 8 9 8 9 9 8 9 8 9 9 0 9 8 9 7 7 3 3 3 4 5 7 9 8 9 9 8 9 4 5 2 9 7 6 9 8 7 8 9 0 1 5 6 
5 4 5 6 7 8 9 9 9 9 9 7 3 3 3 4 5 6 9 9 7 6 7 6 7 8 9 7 6 5 3 7 9 8 9 6 5 4 1 9 8 7 9 5 5 4 4 5 9 8 7 5 4 5 6 9 8 9 8 7 8 9 7 6 7 8 9 1 2 9 7 6 5 4 4 4 5 6 9 9 7 8 9 7 9 3 2 1 9 8 9 8 7 6 7 8 9 7 6 7 
4 3 4 5 6 7 8 9 9 8 7 6 2 1 2 3 4 6 9 8 6 5 4 5 6 7 8 9 7 9 4 9 8 7 8 9 4 3 2 3 9 6 5 4 3 3 3 6 9 9 8 6 7 8 7 8 9 8 9 5 6 9 6 5 6 7 8 9 9 8 9 7 6 7 5 5 9 9 8 6 5 9 8 6 7 9 9 0 1 9 8 9 6 5 6 7 8 9 7 8 
6 4 5 6 9 8 9 9 9 9 8 5 4 0 3 4 5 9 9 8 7 6 3 4 5 6 7 9 9 8 9 9 6 5 7 8 9 4 3 5 9 8 6 5 2 1 2 9 8 9 8 7 8 9 9 9 8 7 5 4 5 8 9 4 5 7 8 9 8 7 8 9 7 8 9 9 8 7 6 5 4 5 7 4 5 7 8 9 9 8 7 6 5 4 5 8 9 9 8 9 
7 5 9 8 9 9 7 7 9 9 5 4 3 1 2 9 9 8 6 9 8 9 2 5 6 8 9 8 8 7 7 8 9 4 6 8 9 9 4 9 8 9 8 3 1 0 3 9 7 9 9 8 9 9 9 8 7 5 6 3 6 7 8 9 6 9 9 8 7 6 9 8 9 9 9 9 9 9 7 6 3 4 6 3 4 6 9 2 1 9 8 9 9 5 6 9 4 3 9 3 
8 7 8 9 3 4 5 6 7 8 9 5 4 2 9 8 7 6 5 4 3 2 1 2 3 9 8 7 9 5 6 9 4 3 5 6 7 8 9 8 7 6 5 4 2 1 9 8 6 3 2 9 2 9 8 7 6 4 1 2 5 6 7 8 9 8 7 5 4 5 6 7 8 9 8 9 8 7 6 5 2 0 1 2 5 8 9 1 0 1 9 9 8 9 9 8 9 2 1 2 
9 8 9 3 2 5 6 9 8 9 8 7 9 3 4 9 8 7 7 5 4 7 4 3 4 9 7 6 2 4 5 8 9 2 4 6 8 9 9 9 9 7 6 5 3 9 7 6 5 4 1 0 1 9 8 6 4 3 0 3 4 5 9 9 9 7 5 4 3 4 3 4 5 6 7 8 9 8 7 4 3 4 5 6 6 7 8 9 1 9 8 8 7 9 8 7 8 9 0 1 
8 9 3 2 1 6 7 8 9 7 9 9 8 9 9 8 9 8 7 6 5 6 5 4 9 7 6 5 1 2 6 7 8 9 5 6 7 8 9 9 9 8 7 6 7 9 8 8 7 4 2 1 9 8 5 4 3 2 1 2 3 4 8 8 9 5 4 3 2 1 2 3 6 7 8 9 4 9 8 5 6 7 8 7 9 8 9 0 9 8 7 7 6 4 9 6 7 8 9 2 
6 5 4 3 0 1 9 9 5 6 9 8 7 9 8 7 6 9 8 7 8 7 6 9 7 6 5 4 2 4 6 8 9 7 6 7 9 9 6 7 8 9 8 7 8 9 9 9 9 4 3 9 8 7 6 5 4 3 4 3 4 5 6 7 8 9 6 5 4 3 3 5 7 8 9 4 3 3 9 9 7 8 9 8 9 9 9 1 9 9 6 5 4 3 4 5 6 7 8 9 
7 6 7 4 9 9 8 9 6 9 8 7 6 5 4 6 5 4 9 8 9 9 8 9 8 7 7 5 3 5 6 7 8 9 9 8 9 3 5 6 9 9 9 8 9 9 8 7 6 5 4 5 9 9 8 9 8 7 6 8 9 6 7 8 9 9 7 6 8 9 4 5 8 9 3 2 1 2 9 8 9 9 5 9 9 9 8 9 8 7 5 4 3 2 3 6 5 6 9 2 
8 9 8 9 8 6 7 8 9 9 9 9 5 4 3 2 1 3 4 9 8 9 9 3 9 8 8 9 7 6 8 9 9 3 4 9 0 2 4 5 6 9 9 9 4 6 9 8 8 6 5 6 7 9 9 9 9 8 7 8 9 7 9 9 2 9 8 7 9 6 5 6 9 5 4 9 0 9 9 7 8 9 4 3 9 8 7 8 9 8 9 8 2 1 2 3 4 9 1 0 
9 8 9 8 7 5 6 7 8 9 9 8 7 5 4 3 2 3 5 6 7 8 9 2 3 9 9 9 8 9 9 9 1 2 3 9 1 2 3 6 7 8 9 9 9 9 7 9 9 7 6 7 8 9 7 9 9 9 9 9 9 8 9 2 1 0 9 9 8 7 6 7 8 9 9 8 9 8 7 6 7 8 9 9 8 9 6 4 2 9 8 7 5 2 3 5 5 8 9 1 
8 7 8 9 6 4 5 6 9 9 9 9 7 6 5 6 3 4 9 8 8 9 0 1 9 7 6 1 9 6 7 8 9 9 9 8 9 3 4 7 8 9 9 9 8 7 6 5 9 8 7 8 9 6 6 7 8 8 9 4 2 9 4 3 2 1 2 3 9 8 7 8 9 9 9 7 9 8 6 5 6 9 8 9 7 6 5 4 1 2 9 5 4 3 4 5 6 7 8 9 
7 6 7 3 2 3 4 5 7 8 9 9 8 7 9 7 9 5 6 9 9 2 1 2 9 8 5 3 4 5 9 9 9 8 5 7 8 9 9 8 9 9 9 8 9 6 5 4 2 9 8 9 4 5 4 5 6 7 8 9 3 9 5 4 3 3 6 7 9 9 8 9 8 7 8 6 5 9 7 4 5 6 7 8 9 9 7 3 2 9 8 7 5 7 7 6 7 8 9 5 
7 5 3 2 1 4 5 7 8 9 2 3 9 9 8 9 8 9 8 9 7 3 4 3 9 9 6 4 5 7 8 9 8 7 6 9 9 6 5 9 4 9 8 7 6 5 4 3 1 0 9 4 3 1 3 4 7 8 9 9 9 8 9 5 4 4 5 8 9 9 9 5 9 6 5 6 4 5 4 3 4 5 8 9 7 6 5 4 5 6 9 8 6 8 8 7 8 9 4 4 
8 7 4 3 2 5 6 9 9 2 1 3 9 8 7 6 7 9 9 9 6 5 5 9 8 7 6 5 6 7 9 9 9 8 7 8 9 9 4 3 2 4 9 8 7 6 5 3 2 9 8 6 3 2 4 5 7 8 9 9 8 7 8 9 6 5 6 7 8 9 7 4 3 9 4 3 2 0 1 2 3 5 7 8 9 7 7 5 6 9 9 8 7 9 9 8 9 4 3 2 
9 8 5 4 3 6 7 8 9 3 2 9 8 8 7 5 6 8 9 8 7 6 7 8 9 8 7 8 7 8 9 9 9 9 8 9 7 8 9 3 1 0 1 9 9 7 6 7 9 8 7 6 5 3 4 6 8 9 5 4 5 6 7 8 9 6 7 8 9 7 6 5 9 8 5 3 2 1 2 3 5 6 8 9 9 9 8 9 9 8 9 9 9 1 0 9 6 5 4 1 
2 9 6 7 4 7 8 9 9 9 9 8 7 6 5 4 7 9 9 9 8 7 8 9 7 9 8 9 9 9 7 8 9 6 9 5 6 7 8 9 2 1 2 9 8 9 7 8 9 9 8 9 7 7 6 7 9 5 4 3 4 5 6 7 8 9 8 9 9 8 7 8 9 7 6 4 3 2 3 4 7 8 9 6 8 9 9 9 8 7 8 9 9 2 2 9 7 7 9 0 
1 2 9 7 6 7 8 9 9 8 6 9 9 8 7 5 6 9 8 7 9 8 9 5 6 9 9 2 1 6 6 9 6 4 3 4 9 9 9 4 3 2 9 8 7 8 9 9 9 8 9 9 8 9 7 8 9 6 5 6 5 6 7 8 9 9 9 4 6 9 8 9 8 9 6 5 4 5 4 5 8 9 4 5 7 8 9 8 7 6 5 9 8 9 9 9 9 9 8 9 
3 3 9 8 7 8 9 9 8 7 5 4 5 9 8 6 7 8 9 6 7 9 3 4 9 8 5 4 3 4 5 7 9 3 2 9 8 7 8 9 4 9 8 7 6 7 9 8 9 7 6 7 9 9 9 9 8 7 7 7 6 8 9 9 8 7 8 9 9 9 9 8 7 8 9 9 5 6 5 6 9 4 3 4 6 7 8 9 9 7 4 7 6 7 8 9 9 8 7 8 
4 5 6 9 8 9 3 5 9 6 5 3 6 5 9 8 9 9 3 5 7 8 9 9 8 7 6 5 4 5 6 7 8 9 0 9 7 6 7 8 9 9 7 6 5 6 6 7 8 9 7 9 7 8 9 9 9 8 8 9 7 9 8 7 7 6 7 7 8 9 8 7 6 7 9 8 9 7 6 7 8 9 2 3 4 5 9 9 5 4 3 4 5 6 7 8 9 7 5 6 
9 6 7 9 9 3 2 9 8 7 6 2 3 4 5 9 2 1 9 9 8 9 5 4 9 9 8 6 5 7 8 9 9 8 9 8 6 5 4 5 7 8 9 5 4 7 5 6 9 9 9 5 6 9 8 9 9 9 9 9 9 8 7 6 3 4 5 6 9 8 7 6 5 7 8 7 8 9 8 8 9 2 1 2 3 9 8 7 6 5 4 5 6 7 9 9 8 7 4 6 
8 9 8 9 9 2 1 0 9 8 4 3 4 6 7 8 9 9 8 8 9 8 7 6 7 8 9 7 6 7 9 8 7 6 5 6 3 2 3 5 6 7 9 4 2 3 4 5 9 9 5 4 5 6 7 8 9 9 8 8 9 9 9 5 4 6 7 9 8 7 6 5 4 3 8 6 9 4 9 9 2 1 0 1 2 3 9 9 8 7 6 7 8 9 9 8 6 5 3 5 
7 6 9 8 7 9 2 1 9 9 5 4 9 7 8 9 8 7 6 7 8 9 9 8 9 9 2 9 9 8 9 7 6 5 4 3 2 1 2 4 7 9 5 3 1 2 3 6 7 8 9 3 4 5 6 9 9 7 7 6 8 8 8 9 5 6 7 8 9 8 5 6 5 2 3 4 9 3 9 9 9 3 2 3 3 4 5 6 9 8 7 8 9 8 9 9 4 4 2 4 
4 5 9 7 6 7 9 9 8 7 6 9 8 9 9 8 9 5 4 5 6 7 8 9 9 9 3 9 8 9 9 8 7 6 5 5 4 2 5 6 7 8 9 4 2 3 4 5 8 9 3 2 3 4 9 8 8 6 6 5 7 6 7 8 9 7 8 9 8 7 4 3 2 1 2 9 8*9 8*9 8*9 3 4 6 7 6 7 8 9 8 9 6 7 9 4 3 2 1 2 
3 9 7 6 5 6 7 8 9 9 9 8 7 8 7 6 4 4 3 4 5 6 7 8 9 8 9 8 7 8 9 9 8 8 7 6 4 3 4 5 6 9 7 6 3 4 5 6 9 3 2 1 2 9 8 7 9 5 4 4 3 5 8 9 9 8 9 9 9 6 5 5 9 9 9 8*7*5*7*9 7*9 9 5 8 8 9 8 9 6 9 3 4 9 8 5 4 1 0 1 
2 9 8 7 7 8 8 9 9 8 9 8 6 5 4 3 2 1 2 4 6 7 8 9 8 7 8 5 6 7 8 9 9 9 9 7 5 6 5 6 8 9 6 5 4 7 6 7 9 4 9 0 9 9 9 6 4 4 3 1 2 6 7 8 9 9 3 9 8 7 8 9 8*7*6*6*6*4*6*7*6*7*8*9 9 9 9 9 9 5 4 2 9 8 7 6 5 2 1 2 
0 1 9 8 9 9 9 9 8 7 6 9 7 6 5 4 4 0 1 2 3 8 7 8 9 6 5 4 5 8 9 8 9 9 8 7 6 7 8 7 9 8 7 7 6 9 7 8 9 9 8 9 8 9 8 7 3 2 1 0 1 2 8 9 4 3 2 1 9 8 9 9 8*7*5*4*3*2*5*4*5*6*7*8*9 9 9 9 8 3 2 1 0 9 6 5 4 3 2 3 
3 2 3 9 3 2 9 8 7 6 5 5 9 9 6 4 3 1 6 3 4 5 6 9 6 5 7 2 4 7 6 7 8 9 9 8 7 8 9 8 9 9 9 8 7 8 9 9 9 8 7 6 7 8 9 5 4 3 2 3 2 3 9 8 9 9 1 0 9 9 9 8*7*6*5*6*2*1*2*3*4*5*6*7*8*9 8 7 6 4 3 2 1 9 8 6 6 4 4 4 
4 5 6 8 9 3 9 8 7 6 4 4 9 8 7 6 4 2 5 4 5 6 7 8 9 4 2 1 2 4 5 7 8 9 9 9 8 9 6 9 6 4 3 9 8 9 0 1 2 9 6 5 6 9 9 8 6 5 3 5 3 4 5 6 7 8 9 9 8 7 9 9 9 9 4*2*1*0*1*2*3*4*5*6*7*8*9 8 9 6 4 4 2 9 9 7 7 8 6 5 
7 6 7 8 9 4 9 7 6 7 3 2 0 9 8 7 4 3 4 6 6 7 8 9 7 9 1 0 1 3 4 5 7 8 9 8 9 6 5 5 4 3 2 3 9 7 9 2 9 8 9 4 9 8 9 9 7 6 9 6 7 8 9 8 8 9 9 8 7 6 7 9 8*7*6*3*2*1*2*3*4*7*6*7*8*9 9 9 8 9 6 7 9 8 7 9 8 9 8 7 
9 8 9 9 8 9 9 6 5 4 3 2 1 2 9 9 5 4 5 8 7 8 9 5 6 8 9 1 5 4 9 6 9 9 8 7 6 5 4 3 2 0 1 2 5 6 8 9 8 7 5 3 9 7 9 9 8 9 8 7 8 9 5 9 9 7 8 9 6 5 6 7 9 8*5*4*3*2*3*5*6*7*8*9 9 9 9 9 7 9 9 8 9 7 6 5 9 5 9 8 
2 9 6 5 6 9 8 7 6 5 4 5 3 9 8 7 6 5 6 7 8 9 3 4 5 6 9 2 9 9 8 9 8 9 9 9 8 6 5 3 2 1 3 3 4 5 6 9 7 6 4 2 3 6 7 8 9 9 9 8 9 5 4 3 5 6 7 8 9 4 5 9 8*7*6*9 4*3*4*5*8*8*9 2 3 9 8 7 6 7 8 9 9 8 5 4 3 4 6 9 
1 9 7 8 7 9 9 8 7 6 7 6 4 5 9 8 9 9 7 9 9 3 2 3 6 9 8 9 8 8 7 5 6 9 9 9 8 7 5 4 3 2 4 4 5 7 7 9 9 8 4 3 4 5 6 7 8 9 1 9 7 6 5 4 6 7 9 9 4 3 4 5 9 8*9 8*6*6*5*6*7*8*9 9 9 8 7 6 5 6 7 8 9 9 7 6 5 9 7 8 
9 8 9 9 8 9 0 9 9 9 8 6 5 6 7 9 4 3 9 8 7 4 3 4 5 9 7 8 7 6 5 4 5 7 8 9 9 9 7 9 4 3 4 7 6 9 9 8 7 6 5 5 6 6 7 9 9 4 3 9 8 7 8 6 9 9 9 4 3 2 3 4 5 9 9 9 7*7*8*7*9 9 7 8 9 9 8 5 4 3 4 5 6 9 8 7 9 8 9 9 
5 7 8 9 9 2 1 9 9 8 9 9 8 7 8 9 5 9 8 7 6 5 4 6 9 8 6 4 3 1 2 3 5 6 7 8 9 8 9 8 9 4 5 6 7 8 9 9 8 7 6 9 7 8 9 9 6 5 4 5 9 8 9 9 8 9 8 7 6 4 5 9 7 8 9 9 8*9 9 8*9 4 6 7 8 9 5 4 4 2 3 4 5 6 9 9 8 7 9 9 
4 5 7 8 9 3 9 8 9 6 7 8 9 8 9 8 6 7 9 9 7 7 6 9 8 7 5 3 2 0 3 4 6 7 9 9 9 7 6 7 8 9 6 7 8 9 8 7 9 9 7 8 8 9 9 8 7 6 5 6 9 9 8 8 7 9 9 8 7 5 9 8 9 9 9 8 9 5 4 9 2 3 7 8 9 6 5 3 2 1 0 1 9 9 8 7 9 6 8 9 
3 4 5 7 8 9 8 7 8 5 8 7 8 9 8 9 7 8 9 9 8 8 7 8 9 9 5 4 3 6 5 7 8 8 9 9 8 9 5 6 7 8 9 9 9 7 9 6 5 9 8 9 9 3 4 9 8 9 6 9 8 8 7 8 6 7 9 9 8 9 8 7 8 9 8 7 6 4 3 2 1 3 5 6 8 9 5 4 5 2 1 9 8 9 7 6 7 5 7 8 
2 3 4 6 7 9 8 6 7 4 5 6 9 8 7 8 9 9 9 9 9 9 8 9 6 7 9 5 4 5 6 8 9 9 5 6 7 8 9 9 8 9 8 7 6 5 4 3 4 5 9 9 3 2 3 4 9 8 9 8 7 6 5 4 5 6 7 8 9 9 7 6 7 8 9 8 6 4 2 1 0 2 3 9 9 7 6 7 4 3 9 8 7 6 5 4 3 4 6 7 
3 5 7 8 9 9 7 5 2 3 4 5 8 9 6 7 8 9 9 8 7 6 9 6 4 9 8 7 6 7 8 9 4 3 4 6 7 9 4 2 9 0 9 8 7 6 7 6 5 6 7 8 9 9 9 9 8 7 6 5 4 5 3 2 3 4 8 9 5 4 4 5 7 8 9 9 7 7 3 2 1 3 9 8 9 8 9 8 9 9 8 7 6 5 4 3 2 4 5 7 
4 6 7 9 8 7 6 3 1 2 5 6 7 9 5 6 8 9 9 9 8 5 4 5 3 4 9 8 7 8 9 3 2 1 2 3 7 8 9 1 9 1 2 9 8 7 8 7 6 7 8 9 9 8 7 6 9 8 9 6 3 1 0 1 2 3 7 8 9 3 2 4 8 9 9 9 9 6 4 3 4 9 8 7 8 9 8 9 2 1 9 9 8 4 3 2 1 2 4 8 
5 6 7 9 7 6 5 4 0 3 4 5 8 9 4 6 7 9 9 8 7 6 3 1 2 3 4 9 8 9 5 4 3 0 1 4 6 7 8 9 8 9 9 8 9 8 9 9 8 8 9 9 9 5 6 4 5 9 8 5 4 2 3 5 4 5 6 7 9 9 8 6 7 9 9 8 7 6 5 4 9 8 7 6 6 5 7 8 9 2 3 9 8 7 4 3 2 3 5 9 
6 7 8 9 8 7 6 5 6 4 5 9 9 4 3 5 6 7 9 9 3 2 1 0 3 4 6 8 9 8 9 5 4 1 2 3 6 8 9 7 6 7 8 7 8 9 3 2 9 9 9 9 8 4 3 3 9 8 7 6 5 3 4 6 6 6 7 9 9 9 8 7 8 9 3 9 8 7 8 9 8 7 6 5 5 4 6 7 8 9 9 8 7 6 5 4 3 7 6 7 
7 8 9 9 9 9 7 7 6 5 7 8 9 3 2 4 5 9 8 9 6 5 2 1 3 5 8 9 9 7 8 9 5 9 3 4 5 9 9 9 5 7 8 6 8 9 2 1 0 1 9 7 6 5 2 1 3 9 9 8 5 4 5 7 7 8 8 9 8 8 9 8 9 1 2 3 9 8 9 9 9 6 5 4 4 3 4 5 6 9 9 9 8 9 6 5 6 8 9 9 
8 9 9 7 9 9 9 8 7 6 9 9 3 2 1 2 9 8 7 6 5 4 3 2 5 6 7 8 9 6 7 9 9 8 9 5 7 8 9 5 4 3 6 5 7 8 9 2 2 3 9 8 7 2 1 0 1 2 4 9 6 6 6 9 8 9 9 7 7 7 7 9 9 0 3 4 9 9 2 9 8 6 4 3 2 2 3 4 8 8 9 9 9 8 7 8 9 9 9 9 
9 7 8 5 7 8 9 9 8 7 8 9 5 4 3 3 4 9 8 7 8 5 4 4 8 7 8 9 5 5 4 7 6 7 8 9 8 9 6 5 3 2 3 4 6 7 8 9 9 5 9 9 4 3 2 1 2 4 9 8 7 8 9 8 9 5 4 6 5 6 6 7 8 9 4 9 8 9 1 0 9 3 2 1 0 1 4 5 6 7 8 9 2 9 8 9 8 9 8 9 
7 6 4 4 6 7 8 9 9 8 9 9 9 9 9 4 5 6 9 8 7 6 7 5 9 8 9 4 3 2 3 4 5 6 7 8 9 9 8 4 2 1 2 3 4 5 6 7 8 9 8 7 6 4 3 2 4 5 6 9 8 9 9 7 6 5 3 2 3 4 5 9 9 7 6 9 7 8 9 9 8 7 6 2 3 4 6 8 9 8 9 2 1 2 9 8 7 8 7 8 
5 4 3 3 5 6 7 8 9 9 7 8 7 8 8 9 6 7 8 9 8 7 8 9 8 9 6 5 4 1 2 3 5 6 8 9 4 6 9 3 2 0 3 5 7 6 7 8 9 9 9 9 8 5 4 3 6 7 7 8 9 9 8 6 5 4 2 1 2 3 6 7 8 9 9 7 6 4 9 8 7 6 5 4 4 5 6 7 8 9 4 3 4 9 8 9 6 5 6 7 
4 3 1 2 3 4 5 7 8 9 6 5 6 7 7 8 9 8 9 9 9 8 9 9 7 9 8 6 5 0 1 2 4 5 7 9 3 9 8 4 2 1 2 4 5 6 8 9 4 8 7 8 9 6 5 4 5 9 9 9 1 0 9 8 4 2 1 0 1 4 5 6 9 8 6 5 4 3 2 9 9 7 6 5 8 7 8 9 9 6 5 4 9 8 7 6 5 4 5 6 
5 3 2 3 4 5 6 8 9 6 5 4 7 8 6 7 8 9 9 9 8 9 9 8 6 8 9 9 3 1 2 4 5 7 8 9 2 9 7 5 3 2 3 5 6 9 9 2 3 6 6 9 8 7 6 5 6 7 8 9 2 1 9 7 5 3 2 1 2 7 6 8 9 9 9 8 3 2 1 2 9 8 9 7 9 8 9 9 9 8 9 9 8 7 6 5 4 3 4 5 
5 4 3 4 6 7 7 9 7 6 4 3 2 3 5 6 7 8 9 8 7 5 4 6 5 6 7 8 9 2 3 5 7 8 9 3 1 0 9 6 4 6 7 6 7 8 9 1 2 4 5 6 9 9 7 9 7 8 9 8 9 9 8 9 6 4 3 2 3 4 8 9 9 8 7 6 4 3 2 3 9 9 9 8 9 9 9 9 8 9 9 9 9 8 5 4 3 2 4 7 
7 6 4 6 7 8 9 9 8 4 3 2 1 3 4 5 6 7 9 8 7 6 3 2 4 7 8 9 4 3 7 6 8 9 5 4 2 9 8 7 5 6 8 9 8 9 1 0 1 5 6 7 8 9 8 9 8 9 8 7 7 8 7 8 9 6 7 8 4 6 7 8 9 9 8 7 6 4 3 9 8 7 6 9 4 5 9 8 7 9 9 8 7 6 5 4 3 0 5 6 
8 7 6 9 8 9 9 8 7 5 4 3 2 4 8 7 7 9 8 7 6 5 4 5 5 9 9 7 6 5 9 7 9 7 6 5 3 4 9 7 6 7 9 8 9 8 9 1 3 4 9 8 9 9 9 5 9 8 7 6 5 6 6 7 8 9 9 9 8 7 8 9 5 6 9 9 6 5 6 9 8 6 5 3 3 9 8 9 6 8 9 9 6 5 4 3 2 1 2 5 
9 8 7 8 9 4 9 8 7 6 5 4 6 7 9 8 9 3 9 9 7 7 6 8 6 7 8 9 7 6 8 8 9 8 7 6 7 9 6 9 8 9 8 7 5 7 8 9 5 9 8 9 9 9 6 4 6 9 6 5 4 3 4 5 6 7 8 9 9 8 9 3 4 5 9 8 7 9 9 8 7 6 4 2 1 2 6 4 5 7 9 8 7 6 6 5 4 5 3 4 
9 9 8 9 4 3 2 9 8 7 6 5 7 8 9 9 4 2 4 9 8 8 7 9 7 8 9 2 9 7 9 9 0 9 8 7 9 9 5 4 9 9 8 7 6 8 9 9 9 8 7 9 8 7 5 3 9 8 9 4 3 2 3 4 5 7 9 9 9 9 3 2 3 6 7 9 9 8 7 6 5 3 2 1 0 1 2 3 4 9 9 9 8 9 8 7 8 6 7 9 
9 8 9 4 3 2 1 2 9 8 7 6 7 8 9 4 2 1 2 5 9 9 9 9 8 9 4 3 9 8 9 2 1 2 9 9 9 8 6 3 2 3 9 8 9 9 3 9 8 7 6 5 4 2 1 2 6 7 8 9 2 1 2 3 5 8 9 9 8 7 4 5 4 5 6 7 8 9 9 7 8 7 3 3 2 2 4 5 5 8 9 9 9 1 9 8 9 8 8 9 
8 7 6 5 2 1 0 1 2 9 8 9 8 9 6 5 3 4 3 4 5 6 7 8 9 6 5 4 6 9 4 3 2 9 8 7 6 5 4 2 1 4 5 9 1 0 2 3 9 8 6 5 4 3 0 3 5 6 9 4 2 0 1 2 3 9 9 8 7 6 5 6 5 6 8 8 9 2 1 9 8 6 5 4 3 3 4 5 6 7 8 9 2 0 1 9 9 9 9 9 

8 6 7 9 8 7 6 4 2 3 4 5 6 7 8 9 9 8 9 9 8 7 8 9 8 9 5 4 3 2 1 0 1 2 9 8 7 8 9 9 8 7 5 4 3 4 9 8 9 8 9 5 7 9 5 4 4 2 3 5 6 9 9 7 9 0 1 9 8 7 8 9 6 5 3 5 6 9 8 9 9 8 9 9 8 7 6 5 4 5 7 8 9 1 2 5 6 7 8 9 
6 4 5 7 9 8 7 5 6 7 8 9 9 8 9 4 6 7 9 9 8 6 5 6 7 8 9 5 4 3 3 1 2 9 8 7 6 7 8 9 9 7 6 5 4 9 8 7 6 7 3 4 9 8 4 3 1 0 1 2 9 8 8 6 8 9 9 8 7 6 7 8 9 4 2 3 9 8 7 7 9 7 8 9 9 8 7 9 3 7 8 9 3 2 3 4 9 8 9 2 
5 3 5 6 7 9 8 7 7 8 9 7 9 9 2 3 4 9 8 9 9 8 6 7 8 9 9 7 6 5 4 9 9 8 7 6 5 6 7 8 9 8 7 9 5 6 9 8 5 4 2 9 8 7 5 4 2 1 2 9 8 7 6 5 6 7 9 7 6 5 6 9 8 9 0 9 8 7 6 6 7 6 7 8 9 9 9 8 9 8 9 5 4 5 9 9 8 9 9 0 
3 2 3 5 6 7 9 8 9 9 7 6 7 9 3 9 5 6 7 8 9 9 9 8 9 6 5 9 7 6 9 8 7 8 6 5 4 5 8 9 9 9 9 8 9 7 8 9 9 3 1 9 9 8 6 6 3 2 9 8 7 6 4 3 4 5 6 9 8 4 5 6 7 8 9 8 7 6 5 4 4 5 6 7 8 9 8 7 9 9 7 6 5 9 8 9 7 6 7 9 
4 1 2 3 7 9 9 9 9 8 5 4 7 8 9 8 9 7 8 9 9 9 8 9 6 5 3 9 8 7 8 9 6 5 4 3 3 6 8 9 9 8 9 7 8 9 9 9 8 9 9 8 9 9 6 5 4 3 4 9 8 7 8 8 7 6 7 8 9 3 4 5 6 7 9 7 6 5 4 3 2 6 7 9 9 9 7 6 8 9 9 7 9 8 7 5 6 5 6 7 
3 2 4 9 9 9 9 8 7 6 3 3 5 6 6 7 8 9 9 9 9 8 7 6 4 3 2 1 9 8 9 8 7 6 5 2 1 5 9 9 8 7 5 6 7 8 9 9 7 8 9 7 9 8 7 6 5 4 6 7 9 8 9 9 8 7 9 9 4 2 3 4 5 6 7 9 7 6 3 2 1 4 8 9 8 7 6 5 6 7 8 9 8 7 6 4 5 4 5 9 
4 5 9 8 8 9 9 9 9 4 2 1 3 4 5 6 9 8 9 8 9 9 8 9 5 2 1 0 1 9 5 9 9 8 6 3 2 4 7 8 9 3 4 5 6 7 8 9 6 4 5 6 7 9 8 7 7 5 9 8 9 9 3 4 9 8 9 3 2 1 2 3 4 5 6 7 9 8 5 4 2 3 9 8 9 6 5 4 3 4 6 8 9 5 5 3 2 3 4 8 
5 9 8 7 7 7 8 9 6 5 3 6 5 5 6 9 8 7 5 7 8 8 9 8 6 7 9 1 2 3 4 9 8 7 5 4 3 5 6 9 1 2 3 4 5 9 9 6 5 3 4 5 6 7 9 8 9 6 7 9 9 1 2 9 9 9 4 3 2 0 1 2 3 4 5 9 8 7 6 4 3 9 8 7 6 5 4 3 2 3 5 6 9 4 3 2 1 2 5 7 
9 8 9 6 5 6 7 8 9 6 8 7 8 6 7 8 9 6 4 5 9 7 8 9 7 9 8 9 5 4 5 9 8 7 6 5 6 7 8 9 0 3 4 5 9 8 9 5 4 2 3 4 5 6 7 9 8 9 8 9 8 9 9 8 9 9 8 5 3 1 2 3 4 6 6 7 9 8 7 5 4 5 9 8 7 4 3 2 1 2 6 7 8 9 4 5 2 3 5 6 
8 7 6 5 4 3 6 9 9 7 9 8 9 9 8 9 7 5 3 4 5 6 7 8 9 9 7 8 9 5 6 7 9 9 8 6 7 8 9 4 1 4 5 9 8 7 8 9 2 1 3 5 6 7 9 8 7 8 9 5 6 8 9 7 8 9 7 6 9 2 3 4 5 7 7 8 9 9 8 9 5 6 7 9 8 9 7 4 2 3 5 6 9 6 5 4 3 4 6 7 
9 9 8 9 3 2 4 9 8 9 9 9 9 8 9 5 6 4 2 3 4 5 8 9 8 8 6 7 8 9 7 9 8 7 9 9 8 9 4 3 2 3 9 8 7 6 7 9 3 2 4 5 7 8 9 9 5 4 3 4 5 9 7 6 8 9 8 9 8 9 6 5 9 8 8 9 9 8 9 7 6 7 8 9 9 8 6 5 3 4 5 7 8 9 6 7 5 5 9 8 
9 9 9 8 2 1 7 6 7 9 9 9 8 7 4 3 2 1 0 1 5 6 9 8 7 9 5 6 7 8 9 8 7 5 4 5 9 6 5 4 9 9 8 7 6 5 6 8 9 3 5 6 7 9 8 7 6 5 5 8 6 8 9 5 8 9 9 9 7 8 9 9 8 9 9 9 8 7 9 8 9 8 9 3 4 9 7 5 4 8 6 9 9 8 7 8 6 7 8 9 
9 8 8 6 5 0 4 5 6 7 8 9 7 6 5 4 4 3 4 5 6 9 8 9 6 7 4 5 8 9 9 9 7 6 5 9 8 7 6 9 8 7 6 7 8 4 8 7 8 9 6 9 8 9 9 8 7 6 6 7 8 9 6 4 6 9 8 8 6 9 9 8 7 8 9 8 9 6 5 9 3 9 1 2 3 9 8 6 5 6 7 8 9 9 9 9 7 9 9 2 
8 7 5 4 3 2 3 4 5 6 7 8 9 7 6 5 5 6 7 7 9 8 7 6 5 6 3 4 5 6 8 9 8 7 8 9 9 8 9 8 7 6 5 4 4 3 5 6 7 8 9 9 9 1 0 9 8 7 9 8 9 6 4 3 9 8 7 6 5 8 9 7 6 9 8 7 8 9 4 3 2 1 0 9 4 5 9 8 9 9 8 9 9 8 7 9 8 9 9 3 
9 8 6 5 4 5 4 5 8 7 8 9 9 8 7 6 7 8 9 8 9 9 6 5 4 3 2 5 9 9 9 9 9 8 9 8 7 9 9 9 7 6 5 3 1 2 4 7 6 9 9 9 3 2 1 9 9 8 9 9 6 4 3 2 1 9 8 7 4 7 8 9 5 4 3 6 7 8 9 6 3 2 9 8 9 9 8 9 9 8 9 9 8 7 6 5 9 7 8 9 
9 8 7 6 5 7 5 6 7 9 9 5 8 9 8 9 8 9 6 9 9 8 5 4 3 2 1 2 7 8 9 8 7 9 9 9 6 7 9 7 8 8 7 1 0 2 3 4 5 6 7 8 9 3 9 8 6 9 9 8 7 8 4 3 2 4 9 6 5 6 7 8 9 3 2 5 8 9 6 5 4 9 8 7 9 8 6 7 8 7 9 9 9 9 5 4 5 6 7 8 
9 9 8 9 9 8 9 7 8 9 3 4 7 9 9 9 9 4 5 9 8 7 6 5 4 1 0 4 6 9 8 7 6 9 8 6 5 9 8 6 5 4 3 2 1 5 4 5 6 8 9 9 9 9 5 4 5 6 9 9 8 9 6 7 3 9 8 7 9 7 9 9 3 2 1 4 5 8 9 6 9 7 6 5 7 6 5 3 4 6 8 9 6 5 4 3 1 7 3 4 
8 9 9 0 3 9 9 8 9 3 2 7 6 7 8 9 4 3 4 5 9 8 6 5 3 2 4 5 7 8 9 8 5 9 8 7 9 8 9 7 6 5 4 3 5 6 7 6 8 9 9 9 8 7 6 3 2 9 8 7 9 8 7 8 9 7 9 8 9 8 9 4 3 2 0 3 4 7 8 9 8 6 5 4 3 2 3 2 4 5 7 8 9 4 3 2 0 1 2 3 
7 9 2 1 2 3 4 9 2 1 0 4 5 6 7 8 9 2 3 9 8 7 6 5 4 3 4 6 9 9 9 9 4 3 9 9 7 6 9 8 8 6 7 4 9 7 8 7 8 9 8 7 9 8 9 9 9 8 7 6 5 9 8 9 7 6 7 9 9 9 8 5 4 5 1 2 5 6 7 9 6 5 4 3 2 1 0 1 6 6 6 7 8 9 4 3 4 5 3 4 
6 8 9 9 3 9 9 7 6 3 2 3 4 7 9 9 1 0 1 2 9 8 7 6 5 6 7 7 8 9 9 8 9 4 9 8 9 4 2 9 8 7 8 9 9 8 9 8 9 2 7 6 7 9 9 8 3 9 9 7 4 3 9 9 9 5 6 7 9 8 7 6 5 4 2 3 6 8 9 8 7 6 5 4 3 2 1 2 3 4 5 8 9 6 5 9 8 7 6 5 
5 6 7 8 9 8 7 6 5 4 3 6 5 6 7 8 9 1 2 3 4 9 8 7 8 9 8 9 9 5 6 7 8 9 8 7 1 0 1 2 9 8 9 0 1 9 8 9 4 3 4 5 9 7 6 7 2 9 8 6 5 4 5 9 9 6 9 8 9 9 8 9 9 4 3 4 7 9 9 9 8 7 6 7 5 4 2 3 4 6 9 9 9 8 9 9 9 8 7 8 
6 7 8 9 0 9 8 7 6 5 4 5 8 9 8 9 4 3 4 4 5 9 9 8 9 7 9 6 5 4 5 8 9 8 7 6 5 1 2 3 4 9 9 1 9 8 7 6 5 5 6 6 7 9 5 4 1 0 9 7 6 5 6 7 8 9 8 9 1 0 9 8 7 6 4 5 6 7 8 9 9 9 7 9 6 5 6 4 5 9 8 7 8 9 8 9 1 9 9 9 
7 9 9 9 2 3 9 8 7 6 5 6 7 8 9 6 5 4 5 6 9 8 9 9 7 6 5 4 3 2 3 4 9 8 7 6 4 2 5 4 5 6 8 9 9 9 9 8 7 8 7 7 9 8 9 3 2 1 9 8 9 9 8 9 9 6 7 8 9 1 2 9 8 9 5 7 7 8 9 2 3 4 9 8 7 6 7 6 9 8 7 6 7 6 7 9 0 1 2 3 
9 8 9 8 9 9 9 9 8 7 6 7 8 9 9 9 6 5 6 9 9 7 9 9 7 5 4 3 2 1 5 9 8 7 6 5 4 3 6 6 7 8 9 9 8 9 0 9 8 9 9 9 6 7 9 4 5 2 3 9 7*8*9 7 6 5 4 9 8 9 9 7 9 9 6 8 9 9 9 1 2 9 9 9 8 7 9 7 8 9 9 5 4 5 6 7 9 2 3 4 
8 7 6 7 9 8 8 9 9 8 7 8 9 9 9 8 9 6 9 8 7 6 8 8 9 6 5 4 6 3 4 5 9 8 7 6 5 4 7 7 8 9 9 8 7 9 1 2 9 9 8 8 5 6 8 9 4 3 9 8*6*6*8*9 7 6 9 8 7 8 9 6 9 8 7 8 9 7 8 9 9 8 9 8 9 8 9 9 9 9 8 4 3 4 5 6 9 3 9 5 
7 6 5 9 8 6 7 8 9 9 9 9 5 9 7 7 8 9 9 7 6 5 6 7 8 9 9 5 7 4 5 6 7 9 8 8 9 6 9 8 9 9 9 7 6 8 9 3 4 9 7 7 4 5 6 9 9 9 8*7*5*5*6*7*9 9 8 7 6 8 9 5 4 9 8 9 4 5 7 8 9 7 8 7 5 9 8 9 9 8 6 5 4 5 6 7 8 9 7 9 
8 5 4 3 4 5 6 9 8 7 6 5 4 6 5 6 9 9 7 6 4 3 4 3 5 7 8 9 8 9 9 7 8 9 9 9 8 7 8 9 0 9 8 6 5 6 8 9 9 7 6 5 3 4 9 8*8*9 5*4*3*4*6*7*8*9 9 8 7 9 9 4 3 3 9 9 5 6 8 9 7 6 5 6 4 5 7 9 8 9 7 7 5 6 7 9 9 5 6 7 
7 6 5 1 5 6 8 9 9 9 7 4 3 2 4 9 8 7 6 5 3 2 1 2 4 6 7 8 9 8 7 9 9 3 2 1 9 8 9 2 1 9 7 5 4 5 6 9 9 9 8 3 2 9 8*7*7*6*5*3*2*3*4*6*7*8*9 9 8 9 8 9 2 1 9 8 6 7 9 7 6 5 4 4 2 4 5 6 7 9 8 9 6 9 8 9 5 4 8 9 
8 7 9 8 6 7 8 9 9 9 6 5 4 3 4 5 9 9 7 6 4 3 2 4 5 6 7 9 7 8 6 9 8 9 3 9 8 9 6 4 9 8 7 6 3 6 9 8 9 9 3 2 1 0 9 6*5*4*3*2*1*2*3*6*7*8*9 9 9 6 7 9 3 2 3 9 7 8 9 6 5 4 3 2 1 3 9 9 8 9 9 8 7 8 9 4 3 2 9 8 
9 9 9 9 7 8 9 4 9 8 7 6 5 6 5 6 7 9 8 6 5 5 4 5 6 7 9 8 6 7 5 9 7 9 9 8 7 9 7 9 8 9 8 9 2 9 8 7 9 8 9 3 2 9 8*7*4*3*2*1*0*5*4*5*6*7*8*9 4 5 6 7 9 9 5 9 8 9 9 7 9 3 2 1 0 9 8 8 9 8 9 9 8 9 6 5 4 5 6 7 
5 8 9 9 8 9 3 2 0 9 9 8 6 7 6 9 8 9 9 8 7 8 5 6 7 9 8 7 4 3 4 5 6 7 8 9 6 8 9 9 7 5 9 8 9 9 7 6 9 7 8 9 9 8*7*6*5*4*3*3*2*4*5*6*7*8*9 4 3 4 5 6 7 8 9 9 9 9 8 9 8 9 3 3 4 9 7 7 8 7 8 9 9 8 7 6 7 6 7 8 
6 7 9 8 9 9 5 3 4 9 8 9 9 8 7 8 9 6 8 9 8 9 8 7 9 8 7 6 3 2 3 8 7 8 9 3 5 7 8 9 8 9 8 7 9 8 7 5 4 5 7 8 9 9 8*8*6*5*4*4*3*7*6*7*8*9 7 3 2 3 4 5 6 7 8 9 9 8 7 6 7 8 9 9 9 8 6 5 4 6 7 8 9 9 8 9 8 9 8 9 
8 9 8 7 6 8 9 4 9 8 7 7 8 9 8 9 6 5 4 3 9 9 9 9 8 7 6 5 2 1 8 7 6 7 8 9 9 8 9 4 9 8 7 6 5 9 8 6 5 6 7 9 3 3 9 8*7*6*5*5*4*5*6*9 9 6 5 4 3 5 5 7 9 8 9 9 8 9 6 5 6 6 9 8 7 6 5 4 3 8 9 9 9 6 9 4 9 2 9 6 
9 8 9 6 5 6 9 5 7 9 6 6 7 8 9 9 5 4 3 2 9 8 9 9 7 6 5 4 1 0 3 6 5 6 9 9 9 9 2 3 4 9 6 5 4 3 9 8 6 7 8 9 2 1 9 9 8*7*6*6*5*6*7*8*9 7 8 5 5 7 6 7 9 9 9 8 7 6 5 4 6 5 6 9 8 7 6 6 5 7 8 9 8 5 4 3 2 1 4 5 
8 7 8 9 4 5 8 9 9 8 5 4 9 6 7 8 9 5 4 9 8 7 9 8 6 5 4 3 2 1 2 3 4 5 6 8 9 9 1 3 9 8 7 3 3 2 2 9 9 8 9 4 3 9 8 7 9 9 8*7*6*7*8*9 9 8 7 6 6 8 9 8 9 9 9 9 7 6 4 3 2 4 5 6 9 9 8 7 6 7 8 9 7 6 5 4 3 0 3 4 
9 6 9 8 9 6 7 9 9 7 4 3 4 5 6 7 8 9 5 9 7 6 7 9 9 7 6 4 3 2 3 4 5 9 8 9 9 8 9 9 8 7 6 2 1 0 1 2 3 9 9 5 9 8 7 6 4 5 9 9 7*8*9 7 8 9 8 7 8 9 7 9 3 9 8 7 6 5 3 2 1 3 4 9 8 9 9 8 9 8 9 9 8 8 7 4 3 1 2 3 
6 5 6 7 8 9 9 8 7 6 5 2 3 4 9 8 9 9 9 8 8 5 6 7 9 8 9 8 5 4 9 5 6 8 9 9 8 7 9 7 9 6 5 4 2 1 2 3 4 5 7 9 9 9 8 4 3 4 5 9 8*9 8 6 7 9 9 8 9 5 6 9 2 1 9 9 8 6 6 3 2 3 5 6 7 9 3 9 4 9 7 8 9 9 9 8 4 2 3 5 
7 6 7 8 9 9 9 8 8 7 2 1 4 5 8 9 9 9 8 7 6 4 3 2 3 9 8 7 6 7 8 9 7 9 9 8 7 6 5 6 9 8 6 4 3 2 3 4 6 8 8 9 9 8 9 5 4 5 6 7 9 9 6 5 9 8 7 9 3 4 8 8 9 0 1 2 9 6 5 4 5 9 8 7 9 4 2 1 3 4 5 9 9 9 8 7 6 3 4 6 
9 8 8 9 6 9 8 7 5 4 3 2 3 6 7 8 9 9 9 8 9 6 4 3 4 5 9 8 8 9 9 9 8 9 4 9 9 8 6 9 9 9 7 5 5 6 5 7 7 9 9 9 8 7 8 9 8 7 8 9 9 8 7 3 2 9 6 3 2 1 6 7 9 2 2 9 8 7 6 5 6 9 9 8 9 5 4 5 4 5 7 8 9 9 9 9 7 9 5 9 
9 9 9 6 5 2 9 7 6 5 4 3 4 5 6 7 8 9 9 9 9 7 5 7 6 6 9 9 9 9 9 9 9 2 3 4 9 9 9 8 9 9 8 7 6 9 6 7 9 8 7 6 7 6 7 8 9 8 9 6 8 9 9 4 9 8 5 4 4 2 5 7 8 9 3 9 9 8 7 9 7 8 9 9 8 6 7 6 5 6 7 8 9 9 8 7 9 8 9 8 
9 8 7 5 4 1 9 8 8 9 5 5 6 8 7 8 9 9 8 6 9 8 6 7 8 7 8 9 9 9 8 9 0 1 2 9 8 9 8 7 8 9 9 8 9 8 9 9 8 7 6 5 6 5 8 9 9 9 7 5 4 3 2 9 8 7 6 5 4 3 4 6 7 8 9 8 7 9 8 9 8 9 1 2 9 7 9 7 6 9 8 9 9 8 7 6 5 7 6 7 
8 9 5 4 3 2 3 9 9 7 6 6 7 9 8 9 8 9 6 5 6 9 8 9 9 8 9 9 9 8 7 8 9 2 9 8 7 6 9 5 7 7 8 9 8 7 9 9 9 8 7 4 5 4 9 6 9 8 9 4 2 1 0 1 9 8 7 6 5 6 7 8 9 9 2 3 6 8 9 9 9 3 2 3 9 8 9 8 7 9 9 2 4 9 6 5 4 4 5 6 
7 8 9 9 9 3 4 5 9 8 7 9 8 9 9 6 7 8 9 6 9 9 9 9 9 9 9 9 9 7 6 7 9 9 8 7 5 5 3 4 5 6 9 8 7 6 8 9 9 9 4 3 2 3 4 5 6 7 8 9 3 2 9 2 9 9 8 9 6 7 9 9 3 2 1 2 5 9 8 9 9 4 3 9 9 9 6 9 8 9 5 3 9 8 9 3 2 3 4 5 
6 9 8 7 8 9 5 7 8 9 8 9 9 4 4 5 6 7 8 9 8 9 8 8 9 9 9 8 8 6 5 6 8 9 7 5 4 3 2 3 9 9 8 7 6 5 6 9 8 7 6 4 3 4 5 6 7 8 9 8 9 9 8 9 8 9 9 0 9 8 9 7 7 3 3 3 4 5 7 9 8 9 9 8 9 4 5 2 9 7 6 9 8 7 8 9 0 1 5 6 
5 4 5 6 7 8 9 9 9 9 9 7 3 3 3 4 5 6 9 9 7 6 7 6 7 8 9 7 6 5 3 7 9 8 9 6 5 4 1 9 8 7 9 5 5 4 4 5 9 8 7 5 4 5 6 9 8 9 8 7 8 9 7 6 7 8 9 1 2 9 7 6 5 4 4 4 5 6 9 9 7 8 9 7 9 3 2 1 9 8 9 8 7 6 7 8 9 7 6 7 
4 3 4 5 6 7 8 9 9 8 7 6 2 1 2 3 4 6 9 8 6 5 4 5 6 7 8 9 7 9 4 9 8 7 8 9 4 3 2 3 9 6 5 4 3 3 3 6 9 9 8 6 7 8 7 8 9 8 9 5 6 9 6 5 6 7 8 9 9 8 9 7 6 7 5 5 9 9 8 6 5 9 8 6 7 9 9 0 1 9 8 9 6 5 6 7 8 9 7 8 
6 4 5 6 9 8 9 9 9 9 8 5 4 0 3 4 5 9 9 8 7 6 3 4 5 6 7 9 9 8 9 9 6 5 7 8 9 4 3 5 9 8 6 5 2 1 2 9 8 9 8 7 8 9 9 9 8 7 5 4 5 8 9 4 5 7 8 9 8 7 8 9 7 8 9 9 8 7 6 5 4 5 7 4 5 7 8 9 9 8 7 6 5 4 5 8 9 9 8 9 
7 5 9 8 9 9 7 7 9 9 5 4 3 1 2 9 9 8 6 9 8 9 2 5 6 8 9 8 8 7 7 8 9 4 6 8 9 9 4 9 8 9 8 3 1 0 3 9 7 9 9 8 9 9 9 8 7 5 6 3 6 7 8 9 6 9 9 8 7 6 9 8 9 9 9 9 9 9 7 6 3 4 6 3 4 6 9 2 1 9 8 9 9 5 6 9 4 3 9 3 
8 7 8 9 3 4 5 6 7 8 9 5 4 2 9 8 7 6 5 4 3 2 1 2 3 9 8 7 9 5 6 9 4 3 5 6 7 8 9 8 7 6 5 4 2 1 9 8 6 3 2 9 2 9 8 7 6 4 1 2 5 6 7 8 9 8 7 5 4 5 6 7 8 9 8 9 8 7 6 5 2 0 1 2 5 8 9 1 0 1 9 9 8 9 9 8 9 2 1 2 
9 8 9 3 2 5 6 9 8 9 8 7 9 3 4 9 8 7 7 5 4 7 4 3 4 9 7 6 2 4 5 8 9 2 4 6 8 9 9 9 9 7 6 5 3 9 7 6 5 4 1 0 1 9 8 6 4 3 0 3 4 5 9 9 9 7 5 4 3 4 3 4 5 6 7 8 9 8 7 4 3 4 5 6 6 7 8 9 1 9 8 8 7 9 8 7 8 9 0 1 
8 9 3 2 1 6 7 8 9 7 9 9 8 9 9 8 9 8 7 6 5 6 5 4 9 7 6 5 1 2 6 7 8 9 5 6 7 8 9 9 9 8 7 6 7 9 8 8 7 4 2 1 9 8 5 4 3 2 1 2 3 4 8 8 9 5 4 3 2 1 2 3 6 7 8 9 4 9 8 5 6 7 8 7 9 8 9 0 9 8 7 7 6 4 9 6 7 8 9 2 
6 5 4 3 0 1 9 9 5 6 9 8 7 9 8 7 6 9 8 7 8 7 6 9 7 6 5 4 2 4 6 8 9 7 6 7 9 9 6 7 8 9 8 7 8 9 9 9 9 4 3 9 8 7 6 5 4 3 4 3 4 5 6 7 8 9 6 5 4 3 3 5 7 8 9 4 3 3 9 9 7 8 9 8 9 9 9 1 9 9 6 5 4 3 4 5 6 7 8 9 
7 6 7 4 9 9 8 9 6 9 8 7 6 5 4 6 5 4 9 8 9 9 8 9 8 7 7 5 3 5 6 7 8 9 9 8 9 3 5 6 9 9 9 8 9 9 8 7 6 5 4 5 9 9 8 9 8 7 6 8 9 6 7 8 9 9 7 6 8 9 4 5 8 9 3 2 1 2 9 8 9 9 5 9 9 9 8 9 8 7 5 4 3 2 3 6 5 6 9 2 
8 9 8 9 8 6 7 8 9 9 9 9 5 4 3 2 1 3 4 9 8 9 9 3 9 8 8 9 7 6 8 9 9 3 4 9 0 2 4 5 6 9 9 9 4 6 9 8 8 6 5 6 7 9 9 9 9 8 7 8 9 7 9 9 2 9 8 7 9 6 5 6 9 5 4 9 0 9 9 7 8 9 4 3 9 8 7 8 9 8 9 8 2 1 2 3 4 9 1 0 
9 8 9 8 7 5 6 7 8 9 9 8 7 5 4 3 2 3 5 6 7 8 9 2 3 9 9 9 8 9 9 9 1 2 3 9 1 2 3 6 7 8 9 9 9 9 7 9 9 7 6 7 8 9 7 9 9 9 9 9 9 8 9 2 1 0 9 9 8 7 6 7 8 9 9 8 9 8 7 6 7 8 9 9 8 9 6 4 2 9 8 7 5 2 3 5 5 8 9 1 
8 7 8 9 6 4 5 6 9 9 9 9 7 6 5 6 3 4 9 8 8 9 0 1 9 7 6 1 9 6 7 8 9 9 9 8 9 3 4 7 8 9 9 9 8 7 6 5 9 8 7 8 9 6 6 7 8 8 9 4 2 9 4 3 2 1 2 3 9 8 7 8 9 9 9 7 9 8 6 5 6 9 8 9 7 6 5 4 1 2 9 5 4 3 4 5 6 7 8 9 
7 6 7 3 2 3 4 5 7 8 9 9 8 7 9 7 9 5 6 9 9 2 1 2 9 8 5 3 4 5 9 9 9 8 5 7 8 9 9 8 9 9 9 8 9 6 5 4 2 9 8 9 4 5 4 5 6 7 8 9 3 9 5 4 3 3 6 7 9 9 8 9 8 7 8 6 5 9 7 4 5 6 7 8 9 9 7 3 2 9 8 7 5 7 7 6 7 8 9 5 
7 5 3 2 1 4 5 7 8 9 2 3 9 9 8 9 8 9 8 9 7 3 4 3 9 9 6 4 5 7 8 9 8 7 6 9 9 6 5 9 4 9 8 7 6 5 4 3 1 0 9 4 3 1 3 4 7 8 9 9 9 8 9 5 4 4 5 8 9 9 9 5 9 6 5 6 4 5 4 3 4 5 8 9 7 6 5 4 5 6 9 8 6 8 8 7 8 9 4 4 
8 7 4 3 2 5 6 9 9 2 1 3 9 8 7 6 7 9 9 9 6 5 5 9 8 7 6 5 6 7 9 9 9 8 7 8 9 9 4 3 2 4 9 8 7 6 5 3 2 9 8 6 3 2 4 5 7 8 9 9 8 7 8 9 6 5 6 7 8 9 7 4 3 9 4 3 2 0 1 2 3 5 7 8 9 7 7 5 6 9 9 8 7 9 9 8 9 4 3 2 
9 8 5 4 3 6 7 8 9 3 2 9 8 8 7 5 6 8 9 8 7 6 7 8 9 8 7 8 7 8 9 9 9 9 8 9 7 8 9 3 1 0 1 9 9 7 6 7 9 8 7 6 5 3 4 6 8 9 5 4 5 6 7 8 9 6 7 8 9 7 6 5 9 8 5 3 2 1 2 3 5 6 8 9 9 9 8 9 9 8 9 9 9 1 0 9 6 5 4 1 
2 9 6 7 4 7 8 9 9 9 9 8 7 6 5 4 7 9 9 9 8 7 8 9 7 9 8 9 9 9 7 8 9 6 9 5 6 7 8 9 2 1 2 9 8 9 7 8 9 9 8 9 7 7 6 7 9 5 4 3 4 5 6 7 8 9 8 9 9 8 7 8 9 7 6 4 3 2 3 4 7 8 9 6 8 9 9 9 8 7 8 9 9 2 2 9 7 7 9 0 
1 2 9 7 6 7 8 9 9 8 6 9 9 8 7 5 6 9 8 7 9 8 9 5 6 9 9 2 1 6 6 9 6 4 3 4 9 9 9 4 3 2 9 8 7 8 9 9 9 8 9 9 8 9 7 8 9 6 5 6 5 6 7 8 9 9 9 4 6 9 8 9 8 9 6 5 4 5 4 5 8 9 4 5 7 8 9 8 7 6 5 9 8 9 9 9 9 9 8 9 
3 3 9 8 7 8 9 9 8 7 5 4 5 9 8 6 7 8 9 6 7 9 3 4 9 8 5 4 3 4 5 7 9 3 2 9 8 7 8 9 4 9 8 7 6 7 9 8 9 7 6 7 9 9 9 9 8 7 7 7 6 8 9 9 8 7 8 9 9 9 9 8 7 8 9 9 5 6 5 6 9 4 3 4 6 7 8 9 9 7 4 7 6 7 8 9 9 8 7 8 
4 5 6 9 8 9 3 5 9 6 5 3 6 5 9 8 9 9 3 5 7 8 9 9 8 7 6 5 4 5 6 7 8 9 0 9 7 6 7 8 9 9 7 6 5 6 6 7 8 9 7 9 7 8 9 9 9 8 8 9 7 9 8 7 7 6 7 7 8 9 8 7 6 7 9 8 9 7 6 7 8 9 2 3 4 5 9 9 5 4 3 4 5 6 7 8 9 7 5 6 
9 6 7 9 9 3 2 9 8 7 6 2 3 4 5 9 2 1 9 9 8 9 5 4 9 9 8 6 5 7 8 9 9 8 9 8 6 5 4 5 7 8 9 5 4 7 5 6 9 9 9 5 6 9 8 9 9 9 9 9 9 8 7 6 3 4 5 6 9 8 7 6 5 7 8 7 8 9 8 8 9 2 1 2 3 9 8 7 6 5 4 5 6 7 9 9 8 7 4 6 
8 9 8 9 9 2 1 0 9 8 4 3 4 6 7 8 9 9 8 8 9 8 7 6 7 8 9 7 6 7 9 8 7 6 5 6 3 2 3 5 6 7 9 4 2 3 4 5 9 9 5 4 5 6 7 8 9 9 8 8 9 9 9 5 4 6 7 9 8 7 6 5 4 3 8 6 9 4 9 9 2 1 0 1 2 3 9 9 8 7 6 7 8 9 9 8 6 5 3 5 
7 6 9 8 7 9 2 1 9 9 5 4 9 7 8 9 8 7 6 7 8 9 9 8 9 9 2 9 9 8 9 7 6 5 4 3 2 1 2 4 7 9 5 3 1 2 3 6 7 8 9 3 4 5 6 9 9 7 7 6 8 8 8 9 5 6 7 8 9 8 5 6 5 2 3 4 9 3 9 9 9 3 2 3 3 4 5 6 9 8 7 8 9 8 9 9 4 4 2 4 
4 5 9 7 6 7 9 9 8 7 6 9 8 9 9 8 9 5 4 5 6 7 8 9 9 9 3 9 8 9 9 8 7 6 5 5 4 2 5 6 7 8 9 4 2 3 4 5 8 9 3 2 3 4 9 8 8 6 6 5 7 6 7 8 9 7 8 9 8 7 4 3 2 1 2 9 8 9 8 9 8 9 3 4 6 7 6 7 8 9 8 9 6 7 9 4 3 2 1 2 
3 9 7 6 5 6 7 8 9 9 9 8 7 8 7 6 4 4 3 4 5 6 7 8 9 8 9 8 7 8 9 9 8 8 7 6 4 3 4 5 6 9 7 6 3 4 5 6 9 3 2 1 2 9 8 7 9 5 4 4 3 5 8 9 9 8 9 9 9 6 5 5 9 9 9 8 7 5 7 9 7 9 9 5 8 8 9 8 9 6 9 3 4 9 8 5 4 1 0 1 
2 9 8 7 7 8 8 9 9 8 9 8 6 5 4 3 2 1 2 4 6 7 8 9 8 7 8 5 6 7 8 9 9 9 9 7 5 6 5 6 8 9 6 5 4 7 6 7 9 4 9 0 9 9 9 6 4 4 3 1 2 6 7 8 9 9 3 9 8 7 8 9 8 7 6 6 6 4 6 7 6 7 8 9 9 9 9 9 9 5 4 2 9 8 7 6 5 2 1 2 
0 1 9 8 9 9 9 9 8 7 6 9 7 6 5 4 4 0 1 2 3 8 7 8 9 6 5 4 5 8 9 8 9 9 8 7 6 7 8 7 9 8 7 7 6 9 7 8 9 9 8 9 8 9 8 7 3 2 1 0 1 2 8 9 4 3 2 1 9 8 9 9 8 7 5 4 3 2 5 4 5 6 7 8 9 9 9 9 8 3 2 1 0 9 6 5 4 3 2 3 
3 2 3 9 3 2 9 8 7 6 5 5 9 9 6 4 3 1 6 3 4 5 6 9 6 5 7 2 4 7 6 7 8 9 9 8 7 8 9 8 9 9 9 8 7 8 9 9 9 8 7 6 7 8 9 5 4 3 2 3 2 3 9 8 9 9 1 0 9 9 9 8 7 6 5 6 2 1 2 3 4 5 6 7 8 9 8 7 6 4 3 2 1 9 8 6 6 4 4 4 
4 5 6 8 9 3 9 8 7 6 4 4 9 8 7 6 4 2 5 4 5 6 7 8 9 4 2 1 2 4 5 7 8 9 9 9 8 9 6 9 6 4 3 9 8 9 0 1 2 9 6 5 6 9 9 8 6 5 3 5 3 4 5 6 7 8 9 9 8 7 9 9 9 9 4 2 1 0 1 2 3 4 5 6 7 8 9 8 9 6 4 4 2 9 9 7 7 8 6 5 
7 6 7 8 9 4 9 7 6 7 3 2 0 9 8 7 4 3 4 6 6 7 8 9 7 9 1 0 1 3 4 5 7 8 9 8 9 6 5 5 4 3 2 3 9 7 9 2 9 8 9 4 9 8 9 9 7 6 9 6 7 8 9 8 8 9 9 8 7 6 7 9 8 7 6 3 2 1 2 3 4 7 6 7 8 9 9 9 8 9 6 7 9 8 7 9 8 9 8 7 
9 8 9 9 8 9 9 6 5 4 3 2 1 2 9 9 5 4 5 8 7 8 9 5 6 8 9 1 5 4 9 6 9 9 8 7 6 5 4 3 2 0 1 2 5 6 8 9 8 7 5 3 9 7 9 9 8 9 8 7 8 9 5 9 9 7 8 9 6 5 6 7 9 8 5 4 3 2 3 5 6 7 8 9 9 9 9 9 7 9 9 8 9 7 6 5 9 5 9 8 
2 9 6 5 6 9 8 7 6 5 4 5 3 9 8 7 6 5 6 7 8 9 3 4 5 6 9 2 9 9 8 9 8 9 9 9 8 6 5 3 2 1 3 3 4 5 6 9 7 6 4 2 3 6 7 8 9 9 9 8 9 5 4 3 5 6 7 8 9 4 5 9 8 7 6 9 4 3 4 5 8 8 9 2 3 9 8 7 6 7 8 9 9 8 5 4 3 4 6 9 
1 9 7 8 7 9 9 8 7 6 7 6 4 5 9 8 9 9 7 9 9 3 2 3 6 9 8 9 8 8 7 5 6 9 9 9 8 7 5 4 3 2 4 4 5 7 7 9 9 8 4 3 4 5 6 7 8 9 1 9 7 6 5 4 6 7 9 9 4 3 4 5 9 8 9 8 6 6 5 6 7 8 9 9 9 8 7 6 5 6 7 8 9 9 7 6 5 9 7 8 
9 8 9 9 8 9 0 9 9 9 8 6 5 6 7 9 4 3 9 8 7 4 3 4 5 9 7 8 7 6 5 4 5 7 8 9 9 9 7 9 4 3 4 7 6 9 9 8 7 6 5 5 6 6 7 9 9 4 3 9 8 7 8 6 9 9 9 4 3 2 3 4 5 9 9 9 7 7 8 7 9 9 7 8 9 9 8 5 4 3 4 5 6 9 8 7 9 8 9 9 
5 7 8 9 9 2 1 9 9 8 9 9 8 7 8 9 5 9 8 7 6 5 4 6 9 8 6 4 3 1 2 3 5 6 7 8 9 8 9 8 9 4 5 6 7 8 9 9 8 7 6 9 7 8 9 9 6 5 4 5 9 8 9 9 8 9 8 7 6 4 5 9 7 8 9 9 8 9 9 8 9 4 6 7 8 9 5 4 4 2 3 4 5 6 9 9 8 7 9 9 
4 5 7 8 9 3 9 8 9 6 7 8 9 8 9 8 6 7 9 9 7 7 6 9 8 7 5 3 2 0 3 4 6 7 9 9 9 7 6 7 8 9 6 7 8 9 8 7 9 9 7 8 8 9 9 8 7 6 5 6 9 9 8 8 7 9 9 8 7 5 9 8 9 9 9 8 9 5 4 9 2 3 7 8 9 6 5 3 2 1 0 1 9 9 8 7 9 6 8 9 
3 4 5 7 8 9 8 7 8 5 8 7 8 9 8 9 7 8 9 9 8 8 7 8 9 9 5 4 3 6 5 7 8 8 9 9 8 9 5 6 7 8 9 9 9 7 9 6 5 9 8 9 9 3 4 9 8 9 6 9 8 8 7 8 6 7 9 9 8 9 8 7 8 9 8 7 6 4 3 2 1 3 5 6 8 9 5 4 5 2 1 9 8 9 7 6 7 5 7 8 
2 3 4 6 7 9 8 6 7 4 5 6 9 8 7 8 9 9 9 9 9 9 8 9 6 7 9 5 4 5 6 8 9 9 5 6 7 8 9 9 8 9 8 7 6 5 4 3 4 5 9 9 3 2 3 4 9 8 9 8 7 6 5 4 5 6 7 8 9 9 7 6 7 8 9 8 6 4 2 1 0 2 3 9 9 7 6 7 4 3 9 8 7 6 5 4 3 4 6 7 
3 5 7 8 9 9 7 5 2 3 4 5 8 9 6 7 8 9 9 8 7 6 9 6 4 9 8 7 6 7 8 9 4 3 4 6 7 9 4 2 9 0 9 8 7 6 7 6 5 6 7 8 9 9 9 9 8 7 6 5 4 5 3 2 3 4 8 9 5 4 4 5 7 8 9 9 7 7 3 2 1 3 9 8 9 8 9 8 9 9 8 7 6 5 4 3 2 4 5 7 
4 6 7 9 8 7 6 3 1 2 5 6 7 9 5 6 8 9 9 9 8 5 4 5 3 4 9 8 7 8 9 3 2 1 2 3 7 8 9 1 9 1 2 9 8 7 8 7 6 7 8 9 9 8 7 6 9 8 9 6 3 1 0 1 2 3 7 8 9 3 2 4 8 9 9 9 9 6 4 3 4 9 8 7 8 9 8 9 2 1 9 9 8 4 3 2 1 2 4 8 
5 6 7 9 7 6 5 4 0 3 4 5 8 9 4 6 7 9 9 8 7 6 3 1 2 3 4 9 8 9 5 4 3 0 1 4 6 7 8 9 8 9 9 8 9 8 9 9 8 8 9 9 9 5 6 4 5 9 8 5 4 2 3 5 4 5 6 7 9 9 8 6 7 9 9 8 7 6 5 4 9 8 7 6 6 5 7 8 9 2 3 9 8 7 4 3 2 3 5 9 
6 7 8 9 8 7 6 5 6 4 5 9 9 4 3 5 6 7 9 9 3 2 1 0 3 4 6 8 9 8 9 5 4 1 2 3 6 8 9 7 6 7 8 7 8 9 3 2 9 9 9 9 8 4 3 3 9 8 7 6 5 3 4 6 6 6 7 9 9 9 8 7 8 9 3 9 8 7 8 9 8 7 6 5 5 4 6 7 8 9 9 8 7 6 5 4 3 7 6 7 
7 8 9 9 9 9 7 7 6 5 7 8 9 3 2 4 5 9 8 9 6 5 2 1 3 5 8 9 9 7 8 9 5 9 3 4 5 9 9 9 5 7 8 6 8 9 2 1 0 1 9 7 6 5 2 1 3 9 9 8 5 4 5 7 7 8 8 9 8 8 9 8 9 1 2 3 9 8 9 9 9 6 5 4 4 3 4 5 6 9 9 9 8 9 6 5 6 8 9 9 
8 9 9 7 9 9 9 8 7 6 9 9 3 2 1 2 9 8 7 6 5 4 3 2 5 6 7 8 9 6 7 9 9 8 9 5 7 8 9 5 4 3 6 5 7 8 9 2 2 3 9 8 7 2 1 0 1 2 4 9 6 6 6 9 8 9 9 7 7 7 7 9 9 0 3 4 9 9 2 9 8 6 4 3 2 2 3 4 8 8 9 9 9 8 7 8 9 9 9 9 
9 7 8 5 7 8 9 9 8 7 8 9 5 4 3 3 4 9 8 7 8 5 4 4 8 7 8 9 5 5 4 7 6 7 8 9 8 9 6 5 3 2 3 4 6 7 8 9 9 5 9 9 4 3 2 1 2 4 9 8 7 8 9 8 9 5 4 6 5 6 6 7 8 9 4 9 8 9 1 0 9 3 2 1 0 1 4 5 6 7 8 9 2 9 8 9 8 9 8 9 
7 6 4 4 6 7 8 9 9 8 9 9 9 9 9 4 5 6 9 8 7 6 7 5 9 8 9 4 3 2 3 4 5 6 7 8 9 9 8 4 2 1 2 3 4 5 6 7 8 9 8 7 6 4 3 2 4 5 6 9 8 9 9 7 6 5 3 2 3 4 5 9 9 7 6 9 7 8 9 9 8 7 6 2 3 4 6 8 9 8 9 2 1 2 9 8 7 8 7 8 
5 4 3 3 5 6 7 8 9 9 7 8 7 8 8 9 6 7 8 9 8 7 8 9 8 9 6 5 4 1 2 3 5 6 8 9 4 6 9 3 2 0 3 5 7 6 7 8 9 9 9 9 8 5 4 3 6 7 7 8 9 9 8 6 5 4 2 1 2 3 6 7 8 9 9 7 6 4 9 8 7 6 5 4 4 5 6 7 8 9 4 3 4 9 8 9 6 5 6 7 
4 3 1 2 3 4 5 7 8 9 6 5 6 7 7 8 9 8 9 9 9 8 9 9 7 9 8 6 5 0 1 2 4 5 7 9 3 9 8 4 2 1 2 4 5 6 8 9 4 8 7 8 9 6 5 4 5 9 9 9 1 0 9 8 4 2 1 0 1 4 5 6 9 8 6 5 4 3 2 9 9 7 6 5 8 7 8 9 9 6 5 4 9 8 7 6 5 4 5 6 
5 3 2 3 4 5 6 8 9 6 5 4 7 8 6 7 8 9 9 9 8 9 9 8 6 8 9 9 3 1 2 4 5 7 8 9 2 9 7 5 3 2 3 5 6 9 9 2 3 6 6 9 8 7 6 5 6 7 8 9 2 1 9 7 5 3 2 1 2 7 6 8 9 9 9 8 3 2 1 2 9 8 9 7 9 8 9 9 9 8 9 9 8 7 6 5 4 3 4 5 
5 4 3 4 6 7 7 9 7 6 4 3 2 3 5 6 7 8 9 8 7 5 4 6 5 6 7 8 9 2 3 5 7 8 9 3 1 0 9 6 4 6 7 6 7 8 9 1 2 4 5 6 9 9 7 9 7 8 9 8 9 9 8 9 6 4 3 2 3 4 8 9 9 8 7 6 4 3 2 3 9 9 9 8 9 9 9 9 8 9 9 9 9 8 5 4 3 2 4 7 
7 6 4 6 7 8 9 9 8 4 3 2 1 3 4 5 6 7 9 8 7 6 3 2 4 7 8 9 4 3 7 6 8 9 5 4 2 9 8 7 5 6 8 9 8 9 1 0 1 5 6 7 8 9 8 9 8 9 8 7 7 8 7 8 9 6 7 8 4 6 7 8 9 9 8 7 6 4 3 9 8 7 6 9 4 5 9 8 7 9 9 8 7 6 5 4 3 0 5 6 
8 7 6 9 8 9 9 8 7 5 4 3 2 4 8 7 7 9 8 7 6 5 4 5 5 9 9 7 6 5 9 7 9 7 6 5 3 4 9 7 6 7 9 8 9 8 9 1 3 4 9 8 9 9 9 5 9 8 7 6 5 6 6 7 8 9 9 9 8 7 8 9 5 6 9 9 6 5 6 9 8 6 5 3 3 9 8 9 6 8 9 9 6 5 4 3 2 1 2 5 
9 8 7 8 9 4 9 8 7 6 5 4 6 7 9 8 9 3 9 9 7 7 6 8 6 7 8 9 7 6 8 8 9 8 7 6 7 9 6 9 8 9 8 7 5 7 8 9 5 9 8 9 9 9 6 4 6 9 6 5 4 3 4 5 6 7 8 9 9 8 9 3 4 5 9 8 7 9 9 8 7 6 4 2 1 2 6 4 5 7 9 8 7 6 6 5 4 5 3 4 
9 9 8 9 4 3 2 9 8 7 6 5 7 8 9 9 4 2 4 9 8 8 7 9 7 8 9 2 9 7 9 9 0 9 8 7 9 9 5 4 9 9 8 7 6 8 9 9 9 8 7 9 8 7 5 3 9 8 9 4 3 2 3 4 5 7 9 9 9 9 3 2 3 6 7 9 9 8 7 6 5 3 2 1 0 1 2 3 4 9 9 9 8 9 8 7 8 6 7 9 
9 8 9 4 3 2 1 2 9 8 7 6 7 8 9 4 2 1 2 5 9 9 9 9 8 9 4 3 9 8 9 2 1 2 9 9 9 8 6 3 2 3 9 8 9 9 3 9 8 7 6 5 4 2 1 2 6 7 8 9 2 1 2 3 5 8 9 9 8 7 4 5 4 5 6 7 8 9 9 7 8 7 3 3 2 2 4 5 5 8 9 9 9 1 9 8 9 8 8 9 
8 7 6 5 2 1 0 1 2 9 8 9 8 9 6 5 3 4 3 4 5 6 7 8 9 6 5 4 6 9 4 3 2 9 8 7 6 5 4 2 1 4 5 9 1 0 2 3 9 8 6 5 4 3 0 3 5 6 9 4 2 0 1 2 3 9 9 8 7 6 5 6 5 6 8 8 9 2 1 9 8 6 5 4 3 3 4 5 6 7 8 9 2 0 1 9 9 9 9 9 

1038240
